Judge,Office,Total Dispositions,Tot,Decisions,Awards,Denials,Fully Favorable,Partially Favorable
"Beatty, Gregory M",AKRON OH,378,378,308,120,188,92,28
"Ciccolini, Thomas A",AKRON OH,457,457,392,286,106,265,21
"Goodrich, Paula J",AKRON OH,312,312,273,145,128,110,35
"Hajjar, Joseph G",AKRON OH,112,310,89,28,61,26,2
"Kearney, Keith J",AKRON OH,93,262,80,31,49,28,3
"Kidd, M. S",AKRON OH,277,277,217,106,111,96,10
"Leibowitz, Tracey B",AKRON OH,2,375,2,0,2,0,0
"Lohr, Mary",AKRON OH,368,368,309,168,141,131,37
"Ma, Catherine",AKRON OH,23,184,17,5,12,4,1
"Raeber, Jeffrey",AKRON OH,344,344,279,134,145,121,13
"Sheehe, Barbara",AKRON OH,121,121,106,55,51,36,19
"Shinn, Charles",AKRON OH,439,439,391,188,203,178,10
"Smoot, Susan",AKRON OH,205,205,173,110,63,81,29
"Black-Pennington, Dale",ALBANY,357,357,296,205,91,177,28
"Farrell, John G",ALBANY,250,250,218,136,82,123,13
"Kelly, Paul F",ALBANY,342,342,281,224,57,208,16
"LeCours, Brian",ALBANY,445,445,367,189,178,145,44
"Marcus, Michelle S",ALBANY,195,195,156,105,51,93,12
"Neumann, David F",ALBANY,261,381,206,126,80,113,13
"Patane, Arthur",ALBANY,360,360,296,179,117,164,15
"Sparks, Mary",ALBANY,269,269,213,167,46,151,16
"Stephan, Carl E",ALBANY,426,426,360,220,140,201,19
"Wright, Robert",ALBANY,326,326,272,203,69,167,36
"Ballengee, Ben",ALBUQUERQUE,15,255,15,7,8,7,0
"Burke, James A",ALBUQUERQUE,475,475,407,360,47,324,36
"Farris, Ann",ALBUQUERQUE,284,284,234,119,115,85,34
"Fernandez Rice, Myriam C",ALBUQUERQUE,127,418,104,47,57,40,7
"Lindsay, Michelle K",ALBUQUERQUE,325,325,271,157,114,117,40
"O'Melinn, Barry",ALBUQUERQUE,131,394,106,54,52,48,6
"Pardo, Raul C",ALBUQUERQUE,128,322,100,68,32,34,34
"Richter, Lillian",ALBUQUERQUE,225,225,177,92,85,71,21
"Rolph, John W",ALBUQUERQUE,87,95,69,41,28,40,1
"Simmons, D'Lisa",ALBUQUERQUE,1,442,0,0,0,0,0
"Upshall Jr, Frederick",ALBUQUERQUE,441,441,390,236,154,220,16
"Weiss, Eric",ALBUQUERQUE,399,399,354,157,197,122,35
"Allen, Matthew",ALEXANDRIA,497,497,414,224,190,193,31
"Cravens, Steven L",ALEXANDRIA,411,411,349,199,150,180,19
"DeLoach, Rowena E",ALEXANDRIA,303,303,248,140,108,121,19
"Fields, Kim A",ALEXANDRIA,509,509,411,154,257,107,47
"Graalmann, Steven C",ALEXANDRIA,177,177,146,73,73,64,9
"Grant, Robert",ALEXANDRIA,369,369,299,170,129,161,9
"Latham, Carol L",ALEXANDRIA,305,305,240,82,158,69,13
"Molinar, Kathleen S",ALEXANDRIA,350,350,294,161,133,124,37
"Ragona, Lawrence T",ALEXANDRIA,409,409,333,101,232,75,26
"Smilie, Carolyn",ALEXANDRIA,263,263,211,69,142,63,6
"Wahlder, Michael M",ALEXANDRIA,42,42,28,21,7,18,3
"Hebda, Paul T",ANCHORAGE AK,227,227,157,46,111,28,18
"LaCara, Cecilia",ANCHORAGE AK,257,257,194,70,124,49,21
"Alexander, Kyle C",ATLANTA DOWNTOWN,319,324,247,115,132,90,25
"Bryant, Leroy C",ATLANTA DOWNTOWN,377,377,315,258,57,222,36
"Colarusso, Todd S",ATLANTA DOWNTOWN,2,419,2,1,1,1,0
"Cornick-Craig, Karen A",ATLANTA DOWNTOWN,388,388,318,160,158,140,20
"Dabreu, O. Lisa",ATLANTA DOWNTOWN,3,3,2,1,1,1,0
"Dula, Melinda L",ATLANTA DOWNTOWN,359,359,290,157,133,125,32
"Embree, Glenn M",ATLANTA DOWNTOWN,328,328,266,239,27,228,11
"Flanagan, Brendan F",ATLANTA DOWNTOWN,175,175,115,25,90,23,2
"Flowers, Nikki A",ATLANTA DOWNTOWN,285,285,193,113,80,108,5
"Glendening, Jr., Dale D",ATLANTA DOWNTOWN,133,133,121,42,79,25,17
"Hughes, F. J",ATLANTA DOWNTOWN,336,336,263,139,124,113,26
"Jackson, Jr., Robert T",ATLANTA DOWNTOWN,292,292,242,181,61,175,6
"McMichael, Carla",ATLANTA DOWNTOWN,347,347,234,126,108,109,17
"Murray, S. Charles",ATLANTA DOWNTOWN,449,449,362,241,121,203,38
"Palenske, Robin R",ATLANTA DOWNTOWN,334,334,257,146,111,121,25
"Siegrist, Harry E",ATLANTA DOWNTOWN,224,224,136,92,44,91,1
"Bedell, Laurie A",ATLANTA NORTH,332,395,261,144,117,115,29
"Boren, Curtis R",ATLANTA NORTH,326,326,271,150,121,133,17
"Childs, J. S",ATLANTA NORTH,337,337,264,169,95,161,8
"Colarusso, Todd S",ATLANTA NORTH,417,419,347,182,165,145,37
"Ehlenbeck, Steven J",ATLANTA NORTH,288,288,220,99,121,80,19
"Hart, Melinda K",ATLANTA NORTH,6,281,4,4,0,4,0
"Lamb, John S",ATLANTA NORTH,334,334,263,161,102,155,6
"Littlefield, Suzanne A",ATLANTA NORTH,275,275,168,80,88,69,11
"McCully, Richard P",ATLANTA NORTH,310,310,264,226,38,202,24
"McGrath, Frederick",ATLANTA NORTH,376,376,286,188,98,178,10
"Spivey, Verley J",ATLANTA NORTH,393,393,341,230,111,215,15
"Waitsman, Frederick R",ATLANTA NORTH,75,83,57,42,15,39,3
"Williams, Barry L",ATLANTA NORTH,274,274,214,144,70,132,12
"Wurm, David R",ATLANTA NORTH,25,367,4,1,3,1,0
"Applewhite, Francine L",BALTIMORE,71,316,57,19,38,16,3
"Ball, Gary",BALTIMORE,278,287,189,108,81,96,12
"Bland, Carrie",BALTIMORE,54,54,53,25,28,19,6
"Carlos, Tierney",BALTIMORE,155,253,123,55,68,43,12
"Cheney, Clark S",BALTIMORE,21,21,6,2,4,2,0
"Clark, W.",BALTIMORE,49,49,28,21,7,19,2
"Edwards, Donna M",BALTIMORE,302,302,228,130,98,99,31
"Emerson, Andrew M",BALTIMORE,3,302,2,1,1,1,0
"Farnes, Milagros",BALTIMORE,293,293,243,188,55,169,19
"Forrest-Doyle, Mary",BALTIMORE,181,214,139,95,44,84,11
"Harris, L.",BALTIMORE,274,274,199,131,68,126,5
"Kotval, Raghav",BALTIMORE,29,29,14,9,5,9,0
"Kuperman, Frances P",BALTIMORE,243,243,180,127,53,111,16
"Maley, Susan",BALTIMORE,3,277,3,2,1,2,0
"McBarnette, Andrea",BALTIMORE,170,209,104,63,41,57,6
"Mittleman, Vivian W",BALTIMORE,206,206,154,105,49,88,17
"Neely, Donald K",BALTIMORE,303,337,201,130,71,118,12
"Olmscheid, Melvin G",BALTIMORE,334,334,236,135,101,127,8
"Ortis, Jesus",BALTIMORE,23,23,14,8,6,6,2
"Rawald, Douglas M",BALTIMORE,210,210,164,64,100,52,12
"Self, Leisha",BALTIMORE,19,19,13,8,5,7,1
"Ulan, Janice",BALTIMORE,258,258,191,132,59,113,19
"Weyn, Leslie",BALTIMORE,109,137,95,44,51,25,19
"Young, Robert W",BALTIMORE,370,370,258,111,147,83,28
"Arkoosh, John C",BILLINGS,92,92,80,51,29,46,5
"Brennan, Luke A",BILLINGS,392,415,273,142,131,125,17
"Dvarishkis, Tanya",BILLINGS,162,162,140,99,41,88,11
"Hartford, Lloyd E",BILLINGS,179,179,130,40,90,32,8
"Inama, Christopher R",BILLINGS,379,385,261,83,178,79,4
"Kelley, Michele M",BILLINGS,269,269,204,49,155,40,9
"Kilroy, Michael A",BILLINGS,431,431,368,181,187,147,34
"Marchioro, Stephen",BILLINGS,100,310,78,18,60,12,6
"Opp, Richard A",BILLINGS,287,287,228,148,80,143,5
"Pugrud, Jessica H",BILLINGS,192,192,167,118,49,100,18
"Willis, David",BILLINGS,310,310,231,125,106,88,37
"Brown, Cynthia W",BIRMINGHAM,366,366,303,202,101,183,19
"Brownfield, Michael L",BIRMINGHAM,265,265,223,155,68,142,13
"Cooper, Jr., L. K",BIRMINGHAM,246,246,203,147,56,146,1
"Copeland, Denise A",BIRMINGHAM,312,312,260,145,115,131,14
"Hagler, Renee B",BIRMINGHAM,378,378,313,143,170,137,6
"Helmer, Mary E",BIRMINGHAM,19,445,12,6,6,6,0
"Horton, David L",BIRMINGHAM,343,343,275,148,127,119,29
"Johnson, Lisa M",BIRMINGHAM,283,283,227,133,94,113,20
"Kraft, Emilie",BIRMINGHAM,37,392,24,13,11,11,2
"Lawson, William",BIRMINGHAM,393,393,333,273,60,262,11
"MacKenzie, Bruce W",BIRMINGHAM,377,377,314,86,228,76,10
"Martin, Perry",BIRMINGHAM,454,454,370,160,210,154,6
"Merchant, George W",BIRMINGHAM,422,422,367,136,231,110,26
"Munford, Jerome L",BIRMINGHAM,289,289,246,98,148,95,3
"Ostrander, Jack F",BIRMINGHAM,61,61,52,23,29,22,1
"Reeves, Ronald",BIRMINGHAM,275,275,211,89,122,72,17
"Stephens, David L",BIRMINGHAM,72,72,67,44,23,43,1
"Vincent, Jill Lolley",BIRMINGHAM,203,203,173,99,74,92,7
"Wilson, Kenneth",BIRMINGHAM,334,334,270,179,91,167,12
"Zanaty, Edward S",BIRMINGHAM,231,231,175,154,21,148,6
"Carter, Constance D",BOSTON,159,384,137,64,73,49,15
"Carter, Paul S",BOSTON,119,318,101,50,51,43,7
"Driscoll, Daniel J",BOSTON,259,259,192,117,75,102,15
"Fulton, Stephen C",BOSTON,346,346,262,125,137,101,24
"Gardiner, Joel F",BOSTON,127,127,103,65,38,58,7
"Goodale, Paul W",BOSTON,125,341,105,51,54,43,8
"Hogan, Henry J",BOSTON,321,321,239,122,117,105,17
"Hurley, Francis",BOSTON,340,340,251,162,89,140,22
"Kelly, Robert J",BOSTON,340,340,279,204,75,191,13
"Klibaner, Alexander",BOSTON,25,25,24,19,5,14,5
"Packer, James H",BOSTON,341,341,272,180,92,145,35
"Ramsey, William",BOSTON,336,336,261,114,147,89,25
"Rodgers, Sujata",BOSTON,45,45,37,14,23,11,3
"Ross, William T",BOSTON,40,40,35,17,18,12,5
"Sax, Carol A",BOSTON,221,266,177,140,37,133,7
"Teehan, Sean",BOSTON,316,316,224,102,122,92,10
"Feuer, Elias",BRONX,240,240,166,64,102,49,15
"Gardner, Jeffrey",BRONX,179,179,110,53,57,43,10
"Green, Benjamin",BRONX,72,72,35,18,17,18,0
"Grossman, Seth I",BRONX,351,351,253,96,157,81,15
"Kanner, Brian G",BRONX,106,106,70,44,26,35,9
"Levine, Alexander G",BRONX,25,25,13,10,3,8,2
"Neugebauer, Lynn",BRONX,128,128,87,69,18,55,14
"Schiro, Kimberly L",BRONX,247,247,179,90,89,83,7
"Shire, Miriam L",BRONX,257,257,203,122,81,116,6
"Walsh, Sean P",BRONX,145,145,124,104,20,99,5
"Walters, Selwyn S",BRONX,167,167,110,81,29,74,7
"Weiss, Zachary S",BRONX,269,269,192,130,62,114,16
"Axelsen, Curtis",BROOKLYN,7,7,7,4,3,3,1
"Hein, Edward H",BROOKLYN,202,202,169,139,30,117,22
"Kearns, James",BROOKLYN,364,364,284,170,114,159,11
"McEneaney, Janet",BROOKLYN,47,125,23,14,9,13,1
"Michalec Olszewski, Lau",BROOKLYN,296,296,204,88,116,74,14
"Miller, Jason A",BROOKLYN,317,317,232,123,109,106,17
"Reeves, M.",BROOKLYN,342,342,247,200,47,181,19
"Romeo, Lori",BROOKLYN,145,207,113,65,48,52,13
"Stagno, Linda A",BROOKLYN,48,73,38,31,7,29,2
"Tobias, David",BROOKLYN,290,290,222,156,66,134,22
"Baird, Bryce",BUFFALO,97,152,75,43,32,41,2
"Cordovani, Stephen",BUFFALO,306,306,250,95,155,75,20
"Devlin, Michael W",BUFFALO,75,352,20,10,10,8,2
"Glazer, Eric L",BUFFALO,248,248,210,143,67,128,15
"Gohr, Lynette",BUFFALO,115,115,99,33,66,27,6
"Harrop Jr, Grenville W",BUFFALO,184,184,147,105,42,98,7
"Harvey, Robert T",BUFFALO,252,252,203,58,145,51,7
"Jones, Melissa L",BUFFALO,127,127,99,47,52,40,7
"Mazzarella, Bruce R",BUFFALO,70,70,62,32,30,30,2
"McGuan, Timothy M",BUFFALO,204,204,164,92,72,65,27
"Morgan, Aaron M",BUFFALO,2,4,2,1,1,1,0
"Moskal Jr, Stanley A",BUFFALO,211,211,175,155,20,142,13
"Seeley, Sharon",BUFFALO,259,259,229,96,133,60,36
"Smith, Susan G",BUFFALO,95,137,85,33,52,26,7
"Sochaczewsky, Mark",BUFFALO,3,3,2,1,1,1,0
"Weir, William M",BUFFALO,240,240,177,83,94,65,18
"Zahm, Marilyn D",BUFFALO,32,32,25,16,9,15,1
"Chase, Ethan A",CHARLESTON SC,343,361,269,164,105,154,10
"Christ, Marcus",CHARLESTON SC,412,412,322,172,150,160,12
"Forbes-Schmitt, Nicole S",CHARLESTON SC,349,349,275,148,127,138,10
"Georgian, Tammy",CHARLESTON SC,271,271,188,40,148,22,18
"Gudzan, Roseanne P",CHARLESTON SC,59,59,57,29,28,23,6
"Henderson, Thomas G",CHARLESTON SC,1,401,1,0,1,0,0
"LaFata, Richard",CHARLESTON SC,303,303,260,122,138,72,50
"McFadden-Elmore, Peggy",CHARLESTON SC,354,354,266,132,134,118,14
"Molleur, John T",CHARLESTON SC,100,274,68,33,35,31,2
"Morriss, Edward T",CHARLESTON SC,392,392,321,84,237,62,22
"Scott, James H",CHARLESTON SC,422,422,333,285,48,275,10
"Sweeda, Ronald",CHARLESTON SC,445,445,369,147,222,130,17
"Vogel, Richard L",CHARLESTON SC,203,203,155,81,74,79,2
"Watson, Carl B",CHARLESTON SC,396,396,321,155,166,145,10
"Bawolek, Valerie A",CHARLESTON WV,410,410,338,229,109,226,3
"Bowling, Robert B",CHARLESTON WV,3,283,3,1,2,1,0
"Buel, Sr., Toby J",CHARLESTON WV,393,393,315,150,165,139,11
"Carlos, Tierney",CHARLESTON WV,98,253,84,29,55,22,7
"Crislip, M D",CHARLESTON WV,37,37,31,24,7,21,3
"Dziepak, Anthony",CHARLESTON WV,100,289,91,52,39,42,10
"Fulcher, Eric S.",CHARLESTON WV,10,400,10,1,9,0,1
"Johnson, Jon K",CHARLESTON WV,291,291,216,173,43,172,1
"Molleur, John T",CHARLESTON WV,174,274,147,44,103,37,7
"Tilley, Sabrina M",CHARLESTON WV,291,291,224,105,119,82,23
"Egan, Robert",CHARLOTTE,199,199,162,116,46,110,6
"Foley, Kevin F",CHARLOTTE,256,256,210,129,81,106,23
"Frye, D. Randall",CHARLOTTE,227,227,179,113,66,106,7
"Hicks, Clinton C",CHARLOTTE,354,354,276,135,141,104,31
"Huggins, Randall D",CHARLOTTE,361,369,296,203,93,187,16
"Jacobson, Todd D",CHARLOTTE,362,362,279,164,115,159,5
"Jenkins, Theresa R.",CHARLOTTE,345,345,283,192,91,185,7
"McMillion, Benjamin R",CHARLOTTE,348,348,279,146,133,130,16
"Nathanson, Saul W",CHARLOTTE,125,125,104,82,22,77,5
"Poulos, Susan",CHARLOTTE,325,325,259,100,159,79,21
"Sims, Wendell M",CHARLOTTE,348,348,282,161,121,148,13
"Stefanelli, Valorie",CHARLOTTE,331,331,250,128,122,120,8
"Annos, Theodore W",CHARLOTTESVILLE,332,332,269,127,142,91,36
"Barto, William",CHARLOTTESVILLE,297,297,253,111,142,81,30
"Kilbane, Brian P",CHARLOTTESVILLE,321,321,242,64,178,50,14
"Mates, Marc",CHARLOTTESVILLE,287,287,233,99,134,86,13
"Munday, H.",CHARLOTTESVILLE,253,253,207,61,146,38,23
"O'Hara, Mark A",CHARLOTTESVILLE,154,154,135,24,111,15,9
"Owen, R. N",CHARLOTTESVILLE,299,299,264,141,123,135,6
"Peltzer, Mary C",CHARLOTTESVILLE,337,337,297,123,174,65,58
"Rippel, Brian B",CHARLOTTESVILLE,391,391,332,113,219,107,6
"Smith, Susan G",CHARLOTTESVILLE,42,137,31,16,15,10,6
"Bartlett, Jeannie S",CHATTANOOGA,398,398,325,146,179,128,18
"Benedict, Lauren",CHATTANOOGA,364,364,302,186,116,154,32
"Case, John E",CHATTANOOGA,401,401,352,269,83,239,30
"Deen, Jr., James E",CHATTANOOGA,237,237,198,140,58,131,9
"Feibus, Ronald J",CHATTANOOGA,293,293,246,116,130,103,13
"Glover, Kristen",CHATTANOOGA,61,126,48,23,25,19,4
"Gray, William O",CHATTANOOGA,351,351,290,169,121,164,5
"Jobe, Carey",CHATTANOOGA,383,383,328,189,139,180,9
"Kliner, Wesley R",CHATTANOOGA,405,405,320,165,155,128,37
"Luffman-Minor, Kristie",CHATTANOOGA,128,128,96,50,46,44,6
"Morehead, Suhirjahaan",CHATTANOOGA,124,124,99,44,55,35,9
"Soto, Eduardo",CHATTANOOGA,251,251,218,173,45,162,11
"Swan, Michael R",CHATTANOOGA,353,353,284,189,95,180,9
"Anglada, Jose",CHICAGO,386,386,317,177,140,143,34
"Bailey, Jr., B. Carlton",CHICAGO,2,2,2,0,2,0,0
"Barezky, Bonny S",CHICAGO,301,301,264,227,37,212,15
"Carey, Margaret",CHICAGO,296,296,244,99,145,46,53
"Garelick, Jordan",CHICAGO,162,162,133,59,74,47,12
"Harmon, Percival",CHICAGO,59,59,51,23,28,17,6
"Laskaris, Bill",CHICAGO,159,205,120,56,64,32,24
"Logan, Michael G",CHICAGO,264,264,227,135,92,107,28
"Mellman, Nathan",CHICAGO,112,112,98,30,68,17,13
"Nagle, Patrick",CHICAGO,10,10,7,2,5,1,1
"Plunkett, Kevin",CHICAGO,88,252,76,28,48,21,7
"Saame, Brian",CHICAGO,243,243,165,107,58,77,30
"Santiago, Melissa M",CHICAGO,333,344,293,139,154,115,24
"Skidmore, David",CHICAGO,254,254,193,103,90,90,13
"Suffi, Carla",CHICAGO,313,313,260,134,126,115,19
"Wardell, Laurie",CHICAGO,213,335,153,58,95,49,9
"Wascher, James D",CHICAGO,18,143,18,11,7,6,5
"Wenzel, William",CHICAGO,111,111,84,56,28,47,9
"Woltering, Luke",CHICAGO,122,122,110,70,40,44,26
"Boylan, Peter J",CINCINNATI,451,451,352,183,169,169,14
"Collins, Steven",CINCINNATI,5,256,0,0,0,0,0
"Detherage, Kevin J",CINCINNATI,331,331,254,118,136,96,22
"Flynn, Robert W",CINCINNATI,309,309,242,166,76,152,14
"Gollin, Andrew",CINCINNATI,329,329,263,135,128,112,23
"Jamison, Peter",CINCINNATI,335,335,287,210,77,189,21
"Kawalek, Matthew C",CINCINNATI,2,350,2,1,1,1,0
"King, Kristen",CINCINNATI,202,202,157,75,82,71,4
"Kinkade, Jana",CINCINNATI,99,287,75,48,27,43,5
"Nguyen, Thuy-Anh T",CINCINNATI,248,249,196,74,122,46,28
"Prince, John M",CINCINNATI,322,322,237,146,91,141,5
"Shaughnessy, Anne",CINCINNATI,354,354,284,160,124,144,16
"Thomas, Billy",CINCINNATI,280,280,222,136,86,102,34
"Tindale, Christopher S",CINCINNATI,230,230,181,95,86,64,31
"Andreas, Frederick",CLEVELAND,317,317,261,114,147,95,19
"Beekman, Peter",CLEVELAND,339,339,277,101,176,74,27
"Bronson, Peter R",CLEVELAND,178,178,149,99,50,77,22
"Canfield, Scott R",CLEVELAND,307,307,255,43,212,29,14
"Collins, Yelanda",CLEVELAND,25,329,22,9,13,8,1
"Eliot, Jonathan",CLEVELAND,267,267,213,63,150,46,17
"Giuffre, Susan G",CLEVELAND,291,291,226,41,185,26,15
"Hajjar, Joseph G",CLEVELAND,198,310,165,50,115,40,10
"Hixson, Traci M",CLEVELAND,299,299,249,127,122,75,52
"Kearney, Keith J",CLEVELAND,169,262,126,60,66,54,6
"Leland, William",CLEVELAND,392,392,336,111,225,91,20
"Loesel, Pamela E",CLEVELAND,286,286,227,95,132,83,12
"Loucas, Penny",CLEVELAND,196,196,143,40,103,32,8
"Ma, Catherine",CLEVELAND,161,184,140,37,103,28,9
"Martin, James M",CLEVELAND,4,316,4,1,3,1,0
"McClelland, Martin",CLEVELAND,185,185,132,36,96,25,11
"Rini, Cheryl M",CLEVELAND,101,101,74,41,33,37,4
"Roscoe, George D",CLEVELAND,195,195,147,60,87,54,6
"Rose, Joseph A",CLEVELAND,201,408,163,90,73,85,5
"Vallowe, Joseph",CLEVELAND,350,350,304,169,135,141,28
"Westley, Eric",CLEVELAND,336,336,286,132,154,100,32
"Beall, John A",COLORADO SPRINGS,106,106,50,37,13,36,1
"Boudreau, Debra",COLORADO SPRINGS,350,350,276,139,137,126,13
"Burgchardt, Kathryn D",COLORADO SPRINGS,351,351,278,119,159,79,40
"Denney, Debra J",COLORADO SPRINGS,2,326,0,0,0,0,0
"Fellabaum, Jennifer",COLORADO SPRINGS,37,37,30,19,11,15,4
"Kawalek, Matthew C",COLORADO SPRINGS,348,350,280,109,171,75,34
"Lo Burgio, Nicholas J",COLORADO SPRINGS,1,10,1,1,0,0,1
"Musseman, William",COLORADO SPRINGS,446,446,353,104,249,85,19
"Schuman, Kurt D",COLORADO SPRINGS,351,351,262,121,141,75,46
"Shaffer, Earl W",COLORADO SPRINGS,239,239,203,131,72,112,19
"Stallings, Stewart",COLORADO SPRINGS,215,215,167,101,66,91,10
"Bell, Stephan",COLUMBIA MO,352,352,294,166,128,137,29
"Boorady, Carol L",COLUMBIA MO,344,344,271,121,150,106,15
"Bowling, Robert B",COLUMBIA MO,1,283,0,0,0,0,0
"LeBlanc, Dennis",COLUMBIA MO,343,343,266,157,109,127,30
"Pico, Gerardo R",COLUMBIA MO,7,238,3,0,3,0,0
"Ruth, Vicky",COLUMBIA MO,268,268,199,114,85,83,31
"Souza, Raymond L",COLUMBIA MO,1,271,0,0,0,0,0
"Wingate Campbell, Kelli",COLUMBIA MO,357,357,281,120,161,90,30
"Chase, Ethan A",COLUMBIA SC,18,361,11,7,4,7,0
"Christian, Frederick W",COLUMBIA SC,88,88,81,46,35,43,3
"Conover, Arthur L",COLUMBIA SC,391,391,323,219,104,207,12
"Daly, Tracy",COLUMBIA SC,26,26,26,8,18,7,1
"Elkin, Paul",COLUMBIA SC,147,147,115,65,50,62,3
"Fleming, Ronald",COLUMBIA SC,386,386,322,152,170,149,3
"Foresman, Deborah",COLUMBIA SC,25,25,18,11,7,11,0
"Herin, Jr., Walter C",COLUMBIA SC,347,348,277,170,107,136,34
"Martin, John R",COLUMBIA SC,331,331,271,241,30,235,6
"Ryerse, Mary",COLUMBIA SC,130,130,101,79,22,72,7
"Taylor, William F",COLUMBIA SC,97,470,79,59,20,53,6
"Earnhart, Jason C",COLUMBUS,404,404,320,159,161,148,11
"Eppler, Rita S",COLUMBUS,57,57,30,5,25,4,1
"Flottman, Irma J",COLUMBUS,309,309,250,159,91,139,20
"Foley, K. Michael",COLUMBUS,97,97,85,46,39,44,2
"Gates, Timothy",COLUMBUS,42,167,36,21,15,21,0
"Giorgione, Edmund E",COLUMBUS,240,240,194,106,88,95,11
"Hartranft, Jeffrey",COLUMBUS,332,332,267,135,132,104,31
"Keller, Timothy G",COLUMBUS,283,283,187,76,111,73,3
"Lesperance, Jeannine",COLUMBUS,354,354,297,156,141,139,17
"McBarnette, Andrea",COLUMBUS,39,209,29,17,12,11,6
"Montgomery, John R",COLUMBUS,84,84,81,41,40,34,7
"Shailer, John L",COLUMBUS,205,205,193,165,28,114,51
"Southern, Noceeba",COLUMBUS,23,23,18,6,12,6,0
"Wang, Thomas L",COLUMBUS,404,404,346,128,218,109,19
"Wansker, Henry B",COLUMBUS,45,45,40,14,26,14,0
"Yerian, Paul E",COLUMBUS,270,270,214,100,114,71,29
"Alexander, Kyle C",COVINGTON GA,5,324,1,1,0,1,0
"Amos, B. T",COVINGTON GA,6,361,4,3,1,3,0
"Bedell, Laurie A",COVINGTON GA,63,395,55,28,27,23,5
"Bivins, Renita K",COVINGTON GA,248,248,183,30,153,16,14
"Davis, L. E",COVINGTON GA,363,363,299,188,111,178,10
"Donaldson, Angela",COVINGTON GA,3,128,0,0,0,0,0
"Glover, Kristen",COVINGTON GA,65,126,54,26,28,24,2
"Hart, Melinda K",COVINGTON GA,275,281,210,153,57,148,5
"McAdam, Paul",COVINGTON GA,369,369,271,184,87,170,14
"Perkerson, Edgar J",COVINGTON GA,269,269,202,120,82,110,10
"Washington, Calvin",COVINGTON GA,286,286,241,168,73,163,5
"Barber, Robin J",CREVE COEUR,338,338,243,109,134,100,9
"Burrichter, Michael D",CREVE COEUR,2,317,0,0,0,0,0
"Cosentino, Julian",CREVE COEUR,208,208,179,143,36,129,14
"DeWoskin, Henry",CREVE COEUR,21,21,13,5,8,5,0
"Farmer, Lyn",CREVE COEUR,7,169,7,7,0,7,0
"Hanan, Bradley",CREVE COEUR,345,345,247,182,65,170,12
"Hopkins, Richard",CREVE COEUR,282,282,209,133,76,107,26
"Imsland, Lori",CREVE COEUR,219,283,173,84,89,73,11
"Jewell, W. Gary",CREVE COEUR,241,241,201,168,33,152,16
"Key, Christal",CREVE COEUR,28,28,18,12,6,12,0
"Kumpe, William E",CREVE COEUR,380,380,305,240,65,227,13
"McDonald, Sheila E",CREVE COEUR,392,392,294,172,122,156,16
"O' Blennis, Robert G",CREVE COEUR,294,294,235,94,141,73,21
"Steitz, James K",CREVE COEUR,131,131,104,83,21,81,2
"Brounoff, J. M",DALLAS DOWNTOWN,337,337,272,174,98,156,18
"Carvalho, Sherrill A. L",DALLAS DOWNTOWN,389,389,299,151,148,126,25
"Cima, Brock",DALLAS DOWNTOWN,153,153,120,63,57,55,8
"Collins, Peri",DALLAS DOWNTOWN,361,361,262,32,230,18,14
"Deramus, Osly F.",DALLAS DOWNTOWN,323,323,270,114,156,88,26
"Estrada, Janis",DALLAS DOWNTOWN,300,300,245,149,96,141,8
"Gatzke, J. Frederick",DALLAS DOWNTOWN,198,198,154,76,78,50,26
"Johnson, Mary E",DALLAS DOWNTOWN,394,394,330,217,113,206,11
"Kinnell, Tresie",DALLAS DOWNTOWN,105,160,82,41,41,32,9
"Kirkpatrick, Melinda W",DALLAS DOWNTOWN,1,487,0,0,0,0,0
"Lessis, James W",DALLAS DOWNTOWN,479,479,414,253,161,208,45
"Panter, Marjorie",DALLAS DOWNTOWN,310,313,233,87,146,70,17
"Steckler, Sharon L",DALLAS DOWNTOWN,68,68,58,25,33,20,5
"Thames, Tammy A",DALLAS DOWNTOWN,356,356,273,162,111,151,11
"Westfall, Rebecca D",DALLAS DOWNTOWN,347,347,279,213,66,199,14
"Allred, Keith",DALLAS NORTH,310,324,252,109,143,86,23
"Batik, Kevin",DALLAS NORTH,158,158,112,33,79,29,4
"Curran, Daniel",DALLAS NORTH,505,505,376,199,177,183,16
"Davis, Donald R",DALLAS NORTH,345,345,269,104,165,96,8
"Dunlap, Elizabeth B",DALLAS NORTH,363,363,277,133,144,124,9
"Finnie, Michael E",DALLAS NORTH,361,361,279,126,153,97,29
"Haigler, Jr., Whitfield",DALLAS NORTH,310,310,260,187,73,178,9
"Henderson, John A",DALLAS NORTH,5,5,2,1,1,1,0
"Honeycutt, Truett M",DALLAS NORTH,362,362,269,204,65,177,27
"Kinkade, Jana",DALLAS NORTH,188,287,141,100,41,89,11
"Liken, Joseph",DALLAS NORTH,521,521,439,320,119,292,28
"Maiben, Evelyn",DALLAS NORTH,157,157,128,65,63,57,8
"Malloy, Raymond J",DALLAS NORTH,357,357,273,163,110,151,12
"Pate, Anne H",DALLAS NORTH,418,418,340,155,185,131,24
"Phillips, Derek N",DALLAS NORTH,164,164,134,129,5,120,9
"Schwartz, Stanley M",DALLAS NORTH,259,259,205,81,124,60,21
"Shilling, Ralph F",DALLAS NORTH,442,442,320,179,141,161,18
"Walters, Charles",DALLAS NORTH,352,352,291,281,10,264,17
"Wheeler, Thomas J",DALLAS NORTH,218,265,171,75,96,49,26
"Anschuetz, Eric",DAYTON,315,315,232,114,118,104,10
"Butler, Larry J.",DAYTON,9,64,3,1,2,1,0
"Chaykin, Benjamin",DAYTON,354,354,294,135,159,114,21
"Hockensmith, Mark",DAYTON,371,371,315,121,194,114,7
"Kenyon, Gregory G",DAYTON,422,422,355,143,212,120,23
"Motta, Elizabeth A",DAYTON,292,292,249,121,128,102,19
"Dawson, Mark R",DENVER,464,464,362,192,170,173,19
"Day, Kelley",DENVER,394,394,316,157,159,109,48
"Denney, Debra J",DENVER,324,326,251,140,111,97,43
"Fortune, Lowell",DENVER,280,280,218,100,118,78,22
"Hartman, Patricia E",DENVER,351,351,282,137,145,85,52
"Heitz, Michael G",DENVER,67,67,58,25,33,19,6
"Hugar, Terrence",DENVER,298,298,230,95,135,74,21
"Inman, Thomas S",DENVER,337,337,253,129,124,114,15
"LaRiccia, Rebecca",DENVER,384,384,298,132,166,100,32
"Laub, Kathleen",DENVER,139,246,110,47,63,41,6
"Lawritson, Jon L",DENVER,321,321,221,135,86,118,17
"Lo Burgio, Nicholas J",DENVER,9,10,8,6,2,5,1
"Millington, Jennifer B",DENVER,331,331,271,161,110,129,32
"Simmons, Jennifer A",DENVER,308,308,260,134,126,131,3
"Stroup, Marsha",DENVER,210,238,178,132,46,120,12
"Barnes, Kevin R",DETROIT,3,3,2,1,1,1,0
"Burstein, Lauren G",DETROIT,231,231,175,95,80,75,20
"Foley, Rita E",DETROIT,18,18,9,9,0,7,2
"Gramenos, James N",DETROIT,178,178,143,106,37,99,7
"Gruenburg, Dawn M",DETROIT,321,379,274,196,78,159,37
"Guyton, Carol",DETROIT,290,290,241,116,125,87,29
"LaRoche Jr., Roy E",DETROIT,186,260,140,42,98,29,13
"Leventer, Jan",DETROIT,325,325,272,218,54,207,11
"Neumann, David F",DETROIT,120,381,100,55,45,52,3
"Rabaut, John J",DETROIT,28,28,8,7,1,5,2
"Revels, Ethel",DETROIT,58,58,55,14,41,10,4
"Tobin, Therese",DETROIT,99,99,79,41,38,35,6
"Turner, Joy",DETROIT,399,399,337,243,94,216,27
"VanderHeide, Jeanne M",DETROIT,371,371,319,224,95,176,48
"Weathers, Ena",DETROIT,319,319,261,104,157,78,26
"White-Simmons, Crystal L",DETROIT,161,161,124,52,72,36,16
"Banas, Edward J",DOVER,91,91,84,59,25,39,20
"Kurlander, William A",DOVER,287,287,230,87,143,74,13
"Lash, Jennifer M",DOVER,90,293,65,43,22,28,15
"Penca, Jack",DOVER,369,369,300,116,184,99,17
"Petraschuk, Stanley",DOVER,127,127,74,68,6,58,10
"Wishnoff, Howard",DOVER,24,179,21,12,9,11,1
"Zanotti, Barbara J",DOVER,94,270,81,29,52,14,15
"BEDE, JASPER J",ELKINS PARK,315,315,249,142,107,135,7
"Chain, Anne W",ELKINS PARK,274,274,206,88,118,61,27
"De Bernardis, Craig",ELKINS PARK,145,145,125,83,42,63,20
"Garrett, James",ELKINS PARK,269,269,213,196,17,179,17
"Garrety, Paula",ELKINS PARK,301,414,246,113,133,84,29
"Gehring, John F",ELKINS PARK,307,307,250,209,41,197,12
"Hoback, Ryan",ELKINS PARK,310,310,246,101,145,88,13
"Mande, Deborah",ELKINS PARK,427,427,341,196,145,166,30
"Marku, Jay",ELKINS PARK,452,452,338,157,181,140,17
"McAneney, Vivian",ELKINS PARK,202,202,97,65,32,50,15
"Oliver, Henry",ELKINS PARK,347,347,264,236,28,227,9
"Rodriguez, Michael A",ELKINS PARK,3,88,1,0,1,0,0
"Rubini, Daniel L",ELKINS PARK,49,49,28,16,12,15,1
"Schwarz, Eric",ELKINS PARK,371,371,293,200,93,188,12
"Spector, Jennifer",ELKINS PARK,189,318,149,75,74,40,35
"Strauss, Suanne S",ELKINS PARK,402,402,301,206,95,193,13
"Yatron, George C",ELKINS PARK,449,449,357,183,174,155,28
"De Monbreum, Steven A",EUGENE,96,208,62,31,31,23,8
"Hobbs, B.",EUGENE,12,342,8,3,5,3,0
"Karlin, Alex S",EUGENE,98,98,82,26,56,17,9
"Mauer, Marilyn S.",EUGENE,2,283,1,0,1,0,0
"Michaelsen, John",EUGENE,341,372,260,109,151,90,19
"Neiswanger, Ted W",EUGENE,263,263,210,134,76,103,31
"Rauenzahn, MaryKay",EUGENE,189,189,155,102,53,89,13
"Spaulding, Robert F",EUGENE,248,248,201,112,89,90,22
"Watson, Elizabeth",EUGENE,76,339,52,33,19,26,7
"Weatherly, Katherine",EUGENE,337,337,275,125,150,103,22
"Asbille, Robert C",EVANSTON,407,407,348,256,92,236,20
"Bassett, Lovert F",EVANSTON,424,424,355,269,86,249,20
"Bretthauer, Cynthia M",EVANSTON,277,277,225,132,93,99,33
"Dadabo, Daniel",EVANSTON,291,291,256,139,117,130,9
"Halperin, Linda S",EVANSTON,219,219,173,129,44,123,6
"Inouye, Jessica",EVANSTON,338,338,270,131,139,106,25
"Johnson, Lana",EVANSTON,208,208,185,107,78,80,27
"Johnson, Matthew",EVANSTON,18,195,16,9,7,9,0
"Kendall, Patricia",EVANSTON,258,258,209,123,86,75,48
"Lewin, Lee",EVANSTON,295,295,245,147,98,134,13
"Michaelson, Shirley M",EVANSTON,304,304,242,175,67,151,24
"Miller, Barry A",EVANSTON,109,109,86,65,21,57,8
"Plunkett, Kevin",EVANSTON,162,252,138,62,76,47,15
"Wascher, James D",EVANSTON,125,143,106,68,38,55,13
"Janney, Stuart T",EVANSVILLE,312,312,246,132,114,111,21
"Martin, Kevin R",EVANSVILLE,378,378,311,169,142,150,19
"Onderak, Matthias D",EVANSVILLE,346,346,288,131,157,121,10
"Scurry, Michael",EVANSVILLE,377,377,297,165,132,150,15
"Yoder, Jason R",EVANSVILLE,389,389,323,176,147,141,35
"Ambuehl, Christel",FARGO,417,417,358,179,179,136,43
"Busick, Denzel R",FARGO,475,475,415,303,112,267,36
"Larsen, Hallie E",FARGO,414,414,329,134,195,95,39
"Olson, Lyle",FARGO,154,154,118,61,57,53,8
"Rosten, Brenda",FARGO,233,233,193,125,68,98,27
"Booth III, Joseph",FAYETTEVILLE NC,28,28,20,9,11,8,1
"Borda, Eric W",FAYETTEVILLE NC,392,392,318,239,79,210,29
"Brockington, Gary",FAYETTEVILLE NC,57,342,54,15,39,13,2
"Dorman, Clint",FAYETTEVILLE NC,21,21,17,10,7,10,0
"Huggins, Randall D",FAYETTEVILLE NC,8,369,8,6,2,6,0
"Miller, Larry A",FAYETTEVILLE NC,1,400,0,0,0,0,0
"Ofori-Acquaah, Anne-Mar A",FAYETTEVILLE NC,92,353,81,28,53,22,6
"Stone, Margo",FAYETTEVILLE NC,27,27,23,18,5,15,3
"Thawley, John A",FAYETTEVILLE NC,302,302,233,162,71,147,15
"Thompson, Michelle",FAYETTEVILLE NC,11,390,7,7,0,7,0
"Vinson, Flora L",FAYETTEVILLE NC,18,18,11,6,5,6,0
"Williams, James E",FAYETTEVILLE NC,10,361,5,2,3,2,0
"Willis, Christopher",FAYETTEVILLE NC,389,389,331,160,171,131,29
"Ziercher, Mark C",FAYETTEVILLE NC,219,219,189,60,129,45,15
"Adamczyk, Joanne E",FLINT,244,244,213,169,44,150,19
"Dunn, Michael R",FLINT,379,379,312,196,116,139,57
"Fallis, Kevin W",FLINT,219,219,188,82,106,48,34
"Ransom, John A",FLINT,76,76,70,57,13,56,1
"Sloss, Andrew G",FLINT,346,346,285,121,164,104,17
"Sobrino, Regina",FLINT,364,364,321,239,82,144,95
"Digby, Patrick R.",FLORENCE,256,256,214,73,141,70,3
"Green, Gloria W",FLORENCE,469,469,400,256,144,244,12
"Kinnell, Tresie",FLORENCE,55,160,38,17,21,16,1
"Naylor, Amy H",FLORENCE,65,171,59,35,24,33,2
"Richey, Mallette",FLORENCE,315,315,259,146,113,143,3
"Stout, Randall C.",FLORENCE,218,218,160,54,106,49,5
"Weaver, Cynthia G",FLORENCE,359,359,250,61,189,50,11
"Williams, Lori J",FLORENCE,383,383,315,155,160,143,12
"Wright, Douglas A",FLORENCE,322,323,264,211,53,203,8
"Andrews - Turner, Renee S",FORT MYERS FL,4,360,1,0,1,0,0
"Butler, Larry J.",FORT MYERS FL,55,64,49,16,33,13,3
"Evans, III, George L",FORT MYERS FL,5,274,4,3,1,3,0
"Northington, Maria C",FORT MYERS FL,306,306,251,169,82,144,25
"Reamon, William G",FORT MYERS FL,414,414,340,163,177,148,15
"Taylor, William F",FORT MYERS FL,252,470,206,161,45,145,16
"Thompson, Michelle",FORT MYERS FL,8,390,8,3,5,3,0
"Whitaker, T.",FORT MYERS FL,280,280,223,117,106,93,24
"Young, Duane D",FORT MYERS FL,85,168,53,41,12,40,1
"Burton, Ronald L",FORT SMITH,453,453,395,314,81,272,42
"Davis, Harold D",FORT SMITH,428,428,369,212,157,209,3
"Jones, Bill",FORT SMITH,374,374,335,169,166,155,14
"Murdock, Alexis",FORT SMITH,312,312,277,183,94,173,10
"Neel, Glenn A",FORT SMITH,363,363,325,217,108,182,35
"Shilling, Clifford",FORT SMITH,224,224,196,130,66,116,14
"Starr, Edward M",FORT SMITH,382,382,330,136,194,108,28
"Balutis, Daniel",FORT WAYNE,267,335,232,100,132,84,16
"Katich, Stephanie",FORT WAYNE,343,343,291,101,190,83,18
"Miller, Terry",FORT WAYNE,336,336,287,166,121,149,17
"Neary, Steven J",FORT WAYNE,167,167,141,95,46,88,7
"Pierson, William D",FORT WAYNE,358,358,286,153,133,140,13
"Stam, Yvonne K",FORT WAYNE,285,285,250,159,91,146,13
"Bowen, Carol K",FORT WORTH,343,343,305,146,159,128,18
"Dane, Dan",FORT WORTH,193,193,184,96,88,86,10
"Green, Herbert J",FORT WORTH,406,406,364,202,162,171,31
"Hamner, Darren",FORT WORTH,419,419,344,149,195,110,39
"Helsper, William H",FORT WORTH,384,384,322,133,189,113,20
"King, Ward D",FORT WORTH,350,350,302,100,202,75,25
"Marcy, Larry C",FORT WORTH,402,402,375,204,171,197,7
"Raines, Jack W",FORT WORTH,410,410,330,176,154,146,30
"Van Dyck, Christopher",FORT WORTH,378,378,315,150,165,132,18
"Daughtry, John R",FRANKLIN TN,401,401,349,233,116,212,21
"Garrison, Donald E",FRANKLIN TN,394,394,336,258,78,240,18
"Heath, Shannon H",FRANKLIN TN,315,315,257,87,170,75,12
"Lucas, Brian",FRANKLIN TN,290,290,247,125,122,119,6
"Morgan, Kerry",FRANKLIN TN,368,369,317,232,85,221,11
"Neuhoff, Elizabeth P",FRANKLIN TN,178,349,144,70,74,45,25
"Patterson, Troy M",FRANKLIN TN,353,353,299,171,128,163,8
"Reap, J. D",FRANKLIN TN,353,353,303,185,118,148,37
"Roberts, Linda Gail",FRANKLIN TN,394,394,338,205,133,191,14
"Turner, Marty S",FRANKLIN TN,462,462,391,210,181,159,51
"Cusker, John",FRESNO,159,261,131,49,82,42,7
"Floyd, Cynthia",FRESNO,313,313,266,106,160,83,23
"Fow, Paula",FRESNO,3,202,3,3,0,3,0
"Gill, Kevin",FRESNO,67,112,57,38,19,29,9
"Madsen, Sharon L",FRESNO,281,281,238,90,148,32,58
"Misenti, Vincent",FRESNO,344,344,266,104,162,93,11
"Pittman, Danny",FRESNO,228,228,178,94,84,86,8
"Snelling, Timothy S",FRESNO,54,342,37,14,23,6,8
"Stewart, Nancy M",FRESNO,14,369,11,4,7,3,1
"Walls, Kelly",FRESNO,9,316,9,2,7,1,1
"Alonso, Sylvia H",FT LAUDERDALE,29,29,14,9,5,6,3
"Anderson, Thurman",FT LAUDERDALE,332,332,236,153,83,145,8
"Andres, James",FT LAUDERDALE,418,418,317,172,145,153,19
"Brennan, Mary",FT LAUDERDALE,342,342,248,99,149,67,32
"Cyrus, Sarah",FT LAUDERDALE,413,413,302,163,139,157,6
"D'Alessio, Rossana L",FT LAUDERDALE,314,314,229,137,92,123,14
"Evans, M. D",FT LAUDERDALE,150,150,114,28,86,21,7
"Gill, Robert",FT LAUDERDALE,338,338,209,164,45,151,13
"Gordon, Tamia N",FT LAUDERDALE,5,223,0,0,0,0,0
"Herin, Jr., Walter C",FT LAUDERDALE,1,348,0,0,0,0,0
"Hunn, Wendy",FT LAUDERDALE,414,414,319,213,106,182,31
"Jarvis, Valencia",FT LAUDERDALE,326,326,225,56,169,30,26
"Kopicki, Michael J",FT LAUDERDALE,206,335,159,91,68,77,14
"Labrousse, Lissette",FT LAUDERDALE,19,19,14,6,8,3,3
"Leibowitz, Tracey B",FT LAUDERDALE,220,375,170,73,97,63,10
"Ortiz-Valero, Richard J",FT LAUDERDALE,343,352,231,140,91,129,11
"Palacios, Elizabeth C",FT LAUDERDALE,67,126,64,16,48,13,3
"Pasvantis, Denise",FT LAUDERDALE,343,343,260,139,121,122,17
"Perez-Gonzalez, Jose",FT LAUDERDALE,16,16,10,9,1,7,2
"Sprague, Jonathan",FT LAUDERDALE,205,349,152,86,66,80,6
"Spurlin, Robert",FT LAUDERDALE,398,398,290,220,70,202,18
"Thompson, Sherry D",FT LAUDERDALE,2,2,2,1,1,0,1
"Turner, Brian",FT LAUDERDALE,27,27,10,8,2,7,1
"Waitsman, Frederick R",FT LAUDERDALE,8,83,5,2,3,1,1
"Condon, Michael S",GRAND RAPIDS,384,384,308,137,171,107,30
"Grit, Donna J",GRAND RAPIDS,284,284,238,119,119,83,36
"Imsland, Lori",GRAND RAPIDS,64,283,56,25,31,21,4
"Kurtz, David",GRAND RAPIDS,11,11,8,6,2,5,1
"Ohanesian, Nicholas M",GRAND RAPIDS,369,369,296,166,130,152,14
"Prothro, James F",GRAND RAPIDS,404,404,308,87,221,49,38
"Smith, Steven C",GRAND RAPIDS,124,124,110,95,15,83,12
"Brock, Nancy L",GREENSBORO,334,334,287,140,147,113,27
"Cavadi, Michelle D",GREENSBORO,287,297,245,118,127,87,31
"Evans, Helen O",GREENSBORO,230,230,206,125,81,112,13
"Firestone, Scott C",GREENSBORO,159,159,134,85,49,79,6
"Graham, E. Norman",GREENSBORO,277,277,235,203,32,197,6
"Jackson, Richard",GREENSBORO,193,193,169,91,78,82,9
"Johnson, Frederick",GREENSBORO,202,202,166,109,57,75,34
"Seidman, Marc",GREENSBORO,139,139,113,73,40,69,4
"Stein, Daniel J",GREENSBORO,316,316,286,205,81,168,37
"Williams, Paul T",GREENSBORO,1,1,1,1,0,1,0
"Wordsworth, Paula",GREENSBORO,322,322,290,194,96,149,45
"Chambers, Henry H.",GREENVILLE,284,284,239,186,53,176,10
"Fritz, Colin",GREENVILLE,315,315,261,111,150,97,14
"Hess, Thaddeus J",GREENVILLE,374,374,311,186,125,175,11
"Jordan, Alice",GREENVILLE,277,277,230,119,111,112,7
"Martin, James M",GREENVILLE,312,316,277,140,137,132,8
"McHenry III, James R",GREENVILLE,162,309,138,62,76,50,12
"Paschall, Ann G.",GREENVILLE,404,404,360,227,133,197,30
"Peace, Jerry W",GREENVILLE,331,331,286,98,188,93,5
"Petri, J.",GREENVILLE,367,367,311,138,173,122,16
"Stewart, Sarah B",GREENVILLE,272,272,240,178,62,170,8
"Walter, Nicholas",GREENVILLE,294,294,257,139,118,133,6
"Wilson, Gregory M.",GREENVILLE,253,253,204,79,125,74,5
"Bridges, Charles",HARRISBURG,161,161,115,99,16,95,4
"Burock, Theodore",HARRISBURG,267,267,204,125,79,113,12
"Cutter, Patrick S",HARRISBURG,289,289,210,128,82,125,3
"Guida, Richard E",HARRISBURG,247,446,194,60,134,42,18
"Myers, Daniel",HARRISBURG,111,269,91,48,43,36,12
"Neary, Lawrence J",HARRISBURG,358,385,284,157,127,144,13
"Riley, Randy",HARRISBURG,386,386,289,113,176,105,8
"Staller, Scott M",HARRISBURG,408,408,315,135,180,116,19
"Torres, Susan L",HARRISBURG,153,288,109,50,59,42,8
"Train, Peter V",HARRISBURG,386,386,292,173,119,158,15
"Zanotto, Sharon",HARRISBURG,243,243,163,84,79,61,23
"Aletta, John",HARTFORD,39,39,32,17,15,13,4
"Alger, Ryan A",HARTFORD,240,240,190,92,98,82,10
"Bonsangue, Louis",HARTFORD,264,264,221,85,136,66,19
"Borre, Alexander P",HARTFORD,314,314,249,106,143,63,43
"Noel, John",HARTFORD,296,296,247,73,174,48,25
"Sweeney, Edward F",HARTFORD,335,335,274,118,156,106,12
"Zwecker, Bruce H",HARTFORD,73,73,65,36,29,34,2
"Benedict, David",HATTIESBURG,487,487,384,171,213,138,33
"Burkes, Felicia D",HATTIESBURG,165,165,142,21,121,18,3
"Fraiser, Jim",HATTIESBURG,366,366,283,112,171,95,17
"Gilmer, Douglas",HATTIESBURG,338,338,286,158,128,152,6
"Harbart, Michael D",HATTIESBURG,152,152,129,24,105,18,6
"Pearce, Charles C",HATTIESBURG,357,357,301,146,155,107,39
"Porciello, Laurie H",HATTIESBURG,400,400,320,93,227,48,45
"Sullivan, Margaret M",HATTIESBURG,30,30,15,8,7,7,1
"Williams, Lanier",HATTIESBURG,406,406,315,84,231,66,18
"Wright, Douglas A",HATTIESBURG,1,323,1,1,0,1,0
"Grooms, Odell",HONOLULU,47,241,41,25,16,23,2
"Hatfield, Jeffrey",HONOLULU,409,409,339,251,88,228,23
"Hernandez, Evangelina P",HONOLULU,51,335,47,31,16,24,7
"Lee, Gary J",HONOLULU,324,328,276,221,55,197,24
"Lisewski, Nancy",HONOLULU,1,352,1,0,1,0,0
"O'Brien-Persons, Wynne",HONOLULU,22,236,19,14,5,11,3
"Shave, Janice E",HONOLULU,5,239,5,3,2,3,0
"Dowd, Mark",HOUSTON NORTH,7,356,7,7,0,7,0
"Eason, Kimani R",HOUSTON NORTH,189,217,150,54,96,38,16
"Gutierrez, David R",HOUSTON NORTH,476,476,374,179,195,170,9
"Hebert, David J",HOUSTON NORTH,378,378,289,132,157,122,10
"Helget, Thomas J",HOUSTON NORTH,424,426,352,123,229,94,29
"Henry, Patricia C",HOUSTON NORTH,365,365,275,112,163,100,12
"Howard, William B",HOUSTON NORTH,409,409,330,150,180,141,9
"Mariano-Jackson, Evange",HOUSTON NORTH,256,283,217,89,128,73,16
"Meyer, Gerald L",HOUSTON NORTH,478,478,365,167,198,145,22
"Sharp, William",HOUSTON NORTH,307,307,245,67,178,50,17
"Simmons, D'Lisa",HOUSTON NORTH,441,442,366,161,205,137,24
"Whitney, Daniel E",HOUSTON NORTH,490,490,394,125,269,84,41
"Williams, Jr., Harry L",HOUSTON NORTH,265,265,218,127,91,110,17
"Anderson, Monica J",HOUSTON-BISSONNET,309,313,199,77,122,64,13
"Beers, Caroline H",HOUSTON-BISSONNET,383,383,283,115,168,98,17
"Burdette, Robert N",HOUSTON-BISSONNET,470,470,338,156,182,144,12
"Eason, Kimani R",HOUSTON-BISSONNET,26,217,15,4,11,4,0
"Erickson, Allen G",HOUSTON-BISSONNET,372,392,276,85,191,58,27
"Gilbert, Richard A",HOUSTON-BISSONNET,421,495,329,140,189,126,14
"Lappin, Randi E",HOUSTON-BISSONNET,1,404,1,1,0,0,1
"Morris, Scott T",HOUSTON-BISSONNET,60,207,41,16,25,14,2
"Norman, Thomas G",HOUSTON-BISSONNET,158,158,134,64,70,59,5
"Soddy, Susan J",HOUSTON-BISSONNET,329,329,213,23,190,9,14
"Strong, Helen F",HOUSTON-BISSONNET,301,301,203,124,79,112,12
"Stubblefield, Ross",HOUSTON-BISSONNET,414,447,331,131,200,116,15
"Sullivan, John D",HOUSTON-BISSONNET,402,402,292,136,156,124,12
"Suttles, Gary J",HOUSTON-BISSONNET,334,359,246,67,179,30,37
"Willy, Donald J",HOUSTON-BISSONNET,492,492,378,182,196,172,10
"Bowling, Robert B",HUNTINGTON,279,283,233,62,171,50,12
"Forrest-Doyle, Mary",HUNTINGTON,33,214,24,21,3,19,2
"Hodges, Maria",HUNTINGTON,477,477,415,172,243,147,25
"Meade, Jerry",HUNTINGTON,284,284,244,110,134,105,5
"Weyn, Leslie",HUNTINGTON,28,137,19,8,11,7,1
"Brown, Belinda J",INDIANAPOLIS,296,296,241,131,110,120,11
"de la Torre, Blanca B",INDIANAPOLIS,280,280,235,138,97,123,15
"Jordan, Ronald T",INDIANAPOLIS,406,406,333,207,126,197,10
"LaPolt, Monica",INDIANAPOLIS,28,29,21,10,11,8,2
"Mages, Daniel J",INDIANAPOLIS,361,361,312,205,107,177,28
"Mastin, Jeffrey",INDIANAPOLIS,339,339,270,195,75,174,21
"Metz, John H",INDIANAPOLIS,352,352,290,200,90,181,19
"Norris, James R",INDIANAPOLIS,378,378,305,207,98,193,14
"Odell, Jody H",INDIANAPOLIS,359,359,308,143,165,137,6
"Pickett, Dennis L",INDIANAPOLIS,407,407,354,192,162,159,33
"Sorg-Graves, Kimberly",INDIANAPOLIS,389,389,319,141,178,138,3
"Thorbjornsen, Charles J",INDIANAPOLIS,43,265,34,26,8,21,5
"Velasquez, Albert J",INDIANAPOLIS,479,479,405,298,107,291,7
"Welch, David L",INDIANAPOLIS,290,290,247,189,58,175,14
"Whitfield, Gladys",INDIANAPOLIS,238,277,207,76,131,68,8
"Brand, Marilyn R",JACKSON,426,426,362,183,179,179,4
"De Gruy, Elizabeth",JACKSON,345,345,279,161,118,150,11
"Guthrie, Clarence",JACKSON,509,509,421,159,262,124,35
"Jacks, John T",JACKSON,2,2,2,1,1,1,0
"Kerstine, Edwin E",JACKSON,358,358,279,253,26,248,5
"Melvin, Patricia",JACKSON,390,390,323,114,209,98,16
"Owens, Windell R",JACKSON,327,327,262,153,109,131,22
"Rose, Willie L",JACKSON,464,464,379,187,192,162,25
"Stroud, Larry J",JACKSON,415,415,331,129,202,118,11
"Barlow, K.",JACKSONVILLE,436,436,337,167,170,150,17
"Calvarese, Stephen C",JACKSONVILLE,342,342,261,109,152,84,25
"Collins, Yelanda",JACKSONVILLE,304,329,261,185,76,157,28
"Droker, Robert",JACKSONVILLE,375,375,296,123,173,115,8
"Fitzgerald, Kelley",JACKSONVILLE,351,351,272,145,127,104,41
"Froehlich, Gregory J",JACKSONVILLE,314,314,250,79,171,52,27
"Greer, William H",JACKSONVILLE,348,348,274,119,155,108,11
"Hart, M.",JACKSONVILLE,302,302,246,100,146,49,51
"Koster, Guy",JACKSONVILLE,241,241,185,70,115,47,23
"McGarry, Teresa J",JACKSONVILLE,332,332,248,107,141,96,11
"Meisburg, Jr., John M",JACKSONVILLE,356,356,289,207,82,191,16
"Porter, Bernard",JACKSONVILLE,343,343,270,109,161,92,17
"Terry, Ken B",JACKSONVILLE,403,403,331,132,199,127,5
"Thompson, Jr., John D.",JACKSONVILLE,281,281,199,47,152,45,2
"Barr, Sheena",JERSEY CITY,304,304,235,176,59,163,13
"Catanese, Louis M",JERSEY CITY,313,349,254,128,126,116,12
"Freeman, Bernadette",JERSEY CITY,21,21,11,8,3,8,0
"Hibner, Lisa",JERSEY CITY,13,13,7,6,1,6,0
"Loewy, Dina R",JERSEY CITY,283,283,201,77,124,52,25
"McEneaney, Janet",JERSEY CITY,78,125,58,34,24,31,3
"Miller, Hilton R",JERSEY CITY,399,399,326,173,153,124,49
"Russak, Jack",JERSEY CITY,366,366,286,149,137,120,29
"Suna, David",JERSEY CITY,104,104,80,48,32,44,4
"Walters, Sheila",JERSEY CITY,307,307,240,78,162,63,15
"Artuso, Barbara",JOHNSTOWN,275,275,229,137,92,124,13
"Ball, Gary",JOHNSTOWN,9,287,9,2,7,1,1
"Casher, Geoffrey S",JOHNSTOWN,1,482,1,0,1,0,0
"Fraser, John A",JOHNSTOWN,323,323,266,95,171,79,16
"Graffius, Donald M",JOHNSTOWN,359,359,305,133,172,118,15
"Krolikowski, Suzanne",JOHNSTOWN,29,104,25,14,11,14,0
"Neary, Lawrence J",JOHNSTOWN,27,385,25,8,17,7,1
"Pillion, Marty R",JOHNSTOWN,283,283,201,126,75,121,5
"Strother, Channing",JOHNSTOWN,12,105,8,3,5,3,0
"Zadzilko, Raymond J",JOHNSTOWN,333,333,283,229,54,208,21
"Barnes-Williams, Janice E",KANSAS CITY,278,278,217,68,149,61,7
"Bock, George M",KANSAS CITY,396,396,330,117,213,100,17
"Burrichter, Michael D",KANSAS CITY,298,317,234,90,144,85,5
"Cooke, Christine A",KANSAS CITY,336,336,258,147,111,117,30
"Erickson, Diana",KANSAS CITY,357,358,281,157,124,132,25
"Gulick, Scot",KANSAS CITY,252,287,178,61,117,51,10
"Johnson, Scott",KANSAS CITY,405,421,325,122,203,115,7
"Jung, P. H",KANSAS CITY,361,361,296,136,160,125,11
"Lehr, Michael A",KANSAS CITY,383,383,305,181,124,164,17
"McCarthy, Jack D",KANSAS CITY,271,271,215,127,88,105,22
"Mein, Christina Y",KANSAS CITY,362,362,293,103,190,92,11
"Meyr, Gerald",KANSAS CITY,115,115,96,54,42,43,11
"Naggi, Mark",KANSAS CITY,305,338,248,180,68,167,13
"Souza, Raymond L",KANSAS CITY,266,271,183,115,68,113,2
"Staples, Richard N",KANSAS CITY,388,388,304,121,183,118,3
"Davenport, Michael J",KINGSPORT,500,500,446,323,123,313,10
"Howard, Charles R",KINGSPORT,438,438,391,255,136,249,6
"McFadyen, John L",KINGSPORT,389,389,327,180,147,175,5
"Pilkey, Keith C",KINGSPORT,464,464,417,294,123,277,17
"Riley, Marshall D",KINGSPORT,392,392,357,258,99,251,7
"Schwartzberg, Sherman D",KINGSPORT,450,450,375,207,168,203,4
"White, Douglas G",KINGSPORT,346,346,306,255,51,252,3
"Barker, John R",KNOXVILLE,109,109,97,75,22,72,3
"Beeby, Jim",KNOXVILLE,450,450,381,195,186,168,27
"Bowling, Edward",KNOXVILLE,335,335,275,135,140,121,14
"Burke, J. Elaine",KNOXVILLE,3,130,0,0,0,0,0
"Dixon, James",KNOXVILLE,336,336,288,144,144,130,14
"Dowd, Mark",KNOXVILLE,349,356,294,157,137,95,62
"Evans, III, George L",KNOXVILLE,269,274,214,132,82,130,2
"Grissom, K. Dickson",KNOXVILLE,320,320,266,184,82,181,3
"Heaton, Juliana P",KNOXVILLE,345,345,295,222,73,209,13
"Lawrence, Joan A",KNOXVILLE,281,281,222,110,112,102,8
"Lefebvre, Donna",KNOXVILLE,430,430,359,231,128,216,15
"Richardson, Mary E",KNOXVILLE,307,307,265,144,121,138,6
"Siegel, Mark",KNOXVILLE,308,308,243,132,111,123,9
"Spangler, Todd",KNOXVILLE,315,315,261,138,123,125,13
"Wirth, Andrea L",KNOXVILLE,200,200,151,69,82,66,3
"Ambrose, Christopher",LANSING,393,393,327,206,121,196,10
"Blatnik, Lawrence E",LANSING,359,359,303,164,139,136,28
"English, Thomas L",LANSING,113,113,98,51,47,48,3
"Jones, Paul W",LANSING,346,346,267,98,169,94,4
"Kent, James J",LANSING,398,398,318,214,104,197,17
"Rosenberg, Amy L",LANSING,335,335,278,156,122,127,29
"Walters, Thomas L",LANSING,393,393,321,191,130,160,31
"Bennett, Norman L",LAS VEGAS,441,441,353,156,197,137,19
"Colpitts, Donald R",LAS VEGAS,288,288,219,161,58,144,17
"Cusker, John",LAS VEGAS,102,261,89,45,44,34,11
"Daniels, Christopher R",LAS VEGAS,392,392,318,161,157,144,17
"Gatto, David K",LAS VEGAS,392,392,318,135,183,115,20
"Hoover, Cynthia R",LAS VEGAS,413,413,330,92,238,67,25
"Jenkins, Barry H",LAS VEGAS,374,374,302,173,129,75,98
"Vanderhoof, Gary L",LAS VEGAS,37,460,29,18,11,16,2
"Baird, Jonathan P",LAWRENCE MA,406,406,345,236,109,202,34
"Belford, Timothy",LAWRENCE MA,339,339,262,145,117,115,30
"Benson, John",LAWRENCE MA,321,321,258,120,138,82,38
"Bush, Ellen P",LAWRENCE MA,339,339,283,131,152,95,36
"Curley, Brian",LAWRENCE MA,394,394,310,166,144,117,49
"Dziepak, Anthony",LAWRENCE MA,189,289,141,71,70,56,15
"Eklund, Eric",LAWRENCE MA,435,435,340,198,142,106,92
"Menard, Joshua",LAWRENCE MA,62,347,55,21,34,16,5
"Holsclaw, Greg",LEXINGTON,367,367,303,136,167,129,7
"Isaacs, Davida H",LEXINGTON,272,285,213,66,147,45,21
"Jackson, Karen R",LEXINGTON,364,364,315,134,181,128,6
"Kayser, Ronald M",LEXINGTON,274,274,260,51,209,37,14
"Kittinger, Bonnie",LEXINGTON,376,376,304,80,224,67,13
"Lowther, Sheila",LEXINGTON,389,389,309,218,91,210,8
"Paris, Don C",LEXINGTON,236,236,178,49,129,39,10
"Reynolds, Roger L",LEXINGTON,349,349,309,108,201,95,13
"Sheppard, Christopher C",LEXINGTON,319,319,259,99,160,90,9
"Stanley, Jonathan",LEXINGTON,396,396,338,158,180,143,15
"Varo, Gregory O",LEXINGTON,323,323,254,199,55,194,5
"YORK, GLORIA B",LEXINGTON,379,379,318,196,122,189,7
"Alexander, Kevin T",LITTLE ROCK,351,351,299,122,177,78,44
"Chaparro, Eliaser",LITTLE ROCK,446,446,396,226,170,184,42
"Curdie, Don",LITTLE ROCK,380,380,308,205,103,189,16
"Davis, Bradley L",LITTLE ROCK,351,351,297,82,215,72,10
"Ferguson, Mark",LITTLE ROCK,417,417,372,177,195,135,42
"Fowler, Wendell C",LITTLE ROCK,227,227,138,93,45,87,6
"Goree, John H",LITTLE ROCK,377,377,344,142,202,133,9
"Knowles, David L",LITTLE ROCK,340,340,276,145,131,133,12
"Manley, David J",LITTLE ROCK,255,255,211,82,129,76,6
"Marshall, Linda",LITTLE ROCK,447,447,392,236,156,225,11
"Schafer, Mark",LITTLE ROCK,375,375,289,107,182,84,23
"Shropshire, Toni",LITTLE ROCK,375,375,333,178,155,173,5
"Stripling, Clarence D",LITTLE ROCK,390,390,346,160,186,145,15
"Blair, B. L",LIVONIA MI,384,384,318,163,155,130,33
"Connolly, Mary S",LIVONIA MI,374,374,307,231,76,216,15
"D'Amato, Donald G",LIVONIA MI,408,408,339,217,122,204,13
"Dodson, John",LIVONIA MI,410,410,356,211,145,197,14
"Fernandez, Ramona L",LIVONIA MI,357,357,278,191,87,181,10
"Gasparovich, Martha M",LIVONIA MI,460,460,405,248,157,198,50
"MacLean, Patrick J",LIVONIA MI,340,340,281,175,106,140,35
"Mason, Jr., David A",LIVONIA MI,132,132,106,57,49,31,26
"Matulewicz, Dennis M",LIVONIA MI,441,441,382,274,108,253,21
"Perez, Jr., Henry",LIVONIA MI,358,358,297,150,147,135,15
"Sasena, Richard L",LIVONIA MI,342,342,277,182,95,157,25
"Smereka, Anthony R",LIVONIA MI,415,415,350,193,157,158,35
"Baum, Peter J",LONG BEACH,17,401,12,8,4,8,0
"Evans, Robert A",LONG BEACH,372,372,292,200,92,180,20
"Fletcher, Guy E",LONG BEACH,16,342,13,7,6,6,1
"Fow, Paula",LONG BEACH,2,202,0,0,0,0,0
"Gaffney, John",LONG BEACH,22,396,18,12,6,9,3
"Giannikas, John P",LONG BEACH,154,257,134,84,50,68,16
"Graham, Edward C",LONG BEACH,380,380,332,203,129,193,10
"Kerins, Jean R",LONG BEACH,15,116,14,8,6,7,1
"Lewald, Susanne",LONG BEACH,53,349,50,25,25,15,10
"Lisewski, Nancy",LONG BEACH,3,352,3,3,0,3,0
"Loo, Katherine",LONG BEACH,49,294,39,26,13,17,9
"Tobin, John C",LONG BEACH,242,242,188,138,50,129,9
"Zirlin, Peggy M",LONG BEACH,155,155,111,82,29,79,3
"Berkowitz, Alan B",LONG ISLAND,378,378,324,199,125,175,24
"Crawley, Brian J",LONG ISLAND,373,373,319,280,39,260,20
"Faraguna, Joseph R",LONG ISLAND,359,359,316,254,62,238,16
"Haber Lamkay, Jacquelin",LONG ISLAND,96,310,84,57,27,45,12
"Kilgannon, Patrick",LONG ISLAND,316,316,276,143,133,117,26
"MacDougall, Bruce",LONG ISLAND,1,1,0,0,0,0,0
"Waldman, Ronald L",LONG ISLAND,358,358,299,244,55,224,20
"Weiss, Andrew S",LONG ISLAND,368,368,301,201,100,190,11
"Wexler, April M",LONG ISLAND,371,371,300,171,129,156,15
"Agatstein, David J",LOS ANGELES DOWNTOWN,415,415,311,221,90,156,65
"Donsbach, Jan",LOS ANGELES DOWNTOWN,106,106,85,51,34,49,2
"Gunn, Evelyn M",LOS ANGELES DOWNTOWN,239,239,151,90,61,84,6
"Lowenstein, Robert E",LOS ANGELES DOWNTOWN,307,307,213,171,42,162,9
"Marcus, David G",LOS ANGELES DOWNTOWN,341,341,261,164,97,132,32
"Moser, James L",LOS ANGELES DOWNTOWN,436,436,330,258,72,253,5
"Weir III, Alexander",LOS ANGELES DOWNTOWN,541,541,377,198,179,187,11
"Breen, Richard T",LOS ANGELES WEST,339,339,264,70,194,52,18
"Delphey, James",LOS ANGELES WEST,277,277,209,71,138,57,14
"Dunn, Barbara",LOS ANGELES WEST,332,332,279,184,95,156,28
"Giannikas, John P",LOS ANGELES WEST,103,257,76,55,21,47,8
"Lishner, Elizabeth R",LOS ANGELES WEST,391,391,315,216,99,181,35
"Reason, Sally C",LOS ANGELES WEST,380,380,257,136,121,128,8
"Reich, Gail",LOS ANGELES WEST,385,385,300,198,102,188,10
"Rosenbluth, Robin",LOS ANGELES WEST,279,279,218,95,123,73,22
"Watson, Elizabeth",LOS ANGELES WEST,260,339,181,68,113,56,12
"Wheeler, Lawrence D",LOS ANGELES WEST,273,273,174,80,94,76,4
"Collins, Steven",LOUISVILLE,251,256,210,78,132,65,13
"Kimberlin III, Patrick B",LOUISVILLE,307,307,234,142,92,119,23
"Mather, Roland D",LOUISVILLE,63,63,49,34,15,27,7
"McDaniel, Candace A",LOUISVILLE,363,363,285,160,125,123,37
"Morgan, Kerry",LOUISVILLE,1,369,1,1,0,1,0
"Nichols, Michael J",LOUISVILLE,90,90,83,36,47,35,1
"Price, John R",LOUISVILLE,514,514,415,241,174,218,23
"Traver, Daniel A",LOUISVILLE,399,399,314,234,80,227,7
"Wilkerson, Dwight D",LOUISVILLE,295,295,225,122,103,118,4
"Zuber, William C.",LOUISVILLE,397,397,327,179,148,168,11
"Callahan, W. S",MACON,158,158,131,46,85,27,19
"Cornelius, David",MACON,323,323,259,182,77,172,10
"Howard, Emily Y",MACON,325,325,277,83,194,71,12
"Levinson, Michael L",MACON,260,263,209,121,88,94,27
"Lewis, Russell W",MACON,236,236,206,103,103,67,36
"Moore, Carol G",MACON,208,208,169,71,98,65,6
"Oetter, Cam",MACON,245,245,202,77,125,51,26
"Storey, Peter B",MACON,125,125,112,81,31,76,5
"Thompson, Stephen",MACON,148,148,124,74,50,63,11
"Uren, Amy",MACON,209,209,139,76,63,61,15
"Jacobson, Joseph D",MADISON,322,322,252,174,78,145,29
"Martin, John",MADISON,140,140,107,60,47,46,14
"Meachum, Debra",MADISON,300,300,237,183,54,156,27
"Pleuss, John H",MADISON,257,257,184,101,83,87,14
"Schaefer, Michael",MADISON,252,252,212,138,74,118,20
"Springer, Thomas W",MADISON,342,342,283,180,103,135,45
"D'Alessandro, James J",MANCHESTER,369,369,283,219,64,193,26
"Groeneveld-Meijer, Lisa",MANCHESTER,351,351,262,165,97,145,20
"Levin, Matthew G",MANCHESTER,431,431,327,139,188,117,22
"Menard, Joshua",MANCHESTER,285,347,207,92,115,78,14
"Merrill, Thomas",MANCHESTER,325,325,200,61,139,55,6
"Sutker, Dory",MANCHESTER,302,302,222,149,73,138,11
"Tafe, Elizabeth M",MANCHESTER,243,243,163,102,61,83,19
"del Valle, Manuel",MAYAGUEZ,99,465,0,0,0,0,0
"Glanville, Harold",MAYAGUEZ,195,635,0,0,0,0,0
"Bentley, James",MCALESTER,391,391,325,146,179,133,13
"Dexter, Deirdre O",MCALESTER,374,374,301,167,134,141,26
"Gabbard, II, Doug",MCALESTER,392,392,309,117,192,94,23
"Linehan, James",MCALESTER,419,419,325,160,165,145,15
"Wheeler, Thomas J",MCALESTER,47,265,34,12,22,12,0
"Creson, Larry B",MEMPHIS,300,300,235,189,46,178,11
"Graves, Carmen",MEMPHIS,182,182,130,54,76,51,3
"Hodum, Robert",MEMPHIS,416,416,304,139,165,124,15
"Ingram, William R",MEMPHIS,401,401,322,157,165,153,4
"Jenkins III, George W",MEMPHIS,397,397,308,233,75,201,32
"Lang, Jerry M",MEMPHIS,448,448,330,171,159,139,32
"Mills, Jennifer",MEMPHIS,385,385,309,232,77,213,19
"Peebles, John A",MEMPHIS,450,450,359,174,185,150,24
"Pietrangelo, Angele",MEMPHIS,2,361,2,2,0,2,0
"Stimson, Paul M",MEMPHIS,433,433,340,190,150,164,26
"Taylor, William F",MEMPHIS,3,470,3,3,0,3,0
"Deans, Joan H",METAIRIE,369,369,309,135,174,118,17
"Exnicios, Richard M",METAIRIE,22,22,14,3,11,3,0
"Hertzig, Michael S",METAIRIE,385,385,267,128,139,117,11
"Juge, Christopher H",METAIRIE,420,420,334,191,143,175,16
"Lobo, Benita A",METAIRIE,386,386,320,150,170,114,36
"Morgan, Jeffery D",METAIRIE,19,19,11,3,8,3,0
"Perez, Gerardo",METAIRIE,262,262,217,76,141,62,14
"Stewart, Timothy G",METAIRIE,299,299,233,96,137,79,17
"Wiedemann, Karen",METAIRIE,373,373,314,153,161,125,28
"Aranda, Clara H",MIAMI,25,25,7,7,0,6,1
"Baker Jr, Robert",MIAMI,46,46,31,24,7,23,1
"Bowman-Davis, Salena D",MIAMI,440,440,353,252,101,229,23
"Gordon, Tamia N",MIAMI,218,223,166,110,56,101,9
"Kupersmith, Linda E",MIAMI,66,66,61,26,35,22,4
"Leibowitz, Tracey B",MIAMI,153,375,119,59,60,56,3
"Levinson, Michael L",MIAMI,3,263,3,0,3,0,0
"Maher, Timothy",MIAMI,131,131,89,70,19,66,4
"Palacios, Elizabeth C",MIAMI,59,126,35,17,18,17,0
"Pennock, Carol J",MIAMI,232,232,183,121,62,100,21
"Pietrangelo, Angele",MIAMI,1,361,1,1,0,1,0
"Reynolds, Lornette",MIAMI,329,329,251,129,122,93,36
"Sax, Carol A",MIAMI,41,266,37,31,6,28,3
"Shimer, Scott C",MIAMI,1,371,1,0,1,0,0
"Snook, Thomas W",MIAMI,166,166,142,117,25,109,8
"Taylor, William F",MIAMI,59,470,39,30,9,26,4
"Tews, Scott A",MIAMI,347,347,273,186,87,171,15
"Ballengee, Ben",MIDDLESBORO,240,255,209,99,110,97,2
"Burke, J. Elaine",MIDDLESBORO,127,130,108,64,44,61,3
"Hansen, Dennis",MIDDLESBORO,440,440,375,179,196,175,4
"Leiner, Jonathan H",MIDDLESBORO,227,304,199,91,108,82,9
"Mangus, Tommye C",MIDDLESBORO,333,333,275,117,158,109,8
"Panter, Marjorie",MIDDLESBORO,3,313,2,2,0,2,0
"Rising, Donald A",MIDDLESBORO,218,218,186,93,93,91,2
"Sprague, Jonathan",MIDDLESBORO,144,349,129,57,72,54,3
"Allen, Michelle I",MILWAUKEE,29,177,26,16,10,15,1
"Bartelt, Jr., Robert L",MILWAUKEE,119,119,104,35,69,23,12
"Bedwell, Brent C",MILWAUKEE,350,350,275,133,142,101,32
"Gauthier, Jeffry",MILWAUKEE,302,302,222,76,146,62,14
"Halligan, Patrick D",MILWAUKEE,55,55,44,16,28,0,16
"Malloy, Timothy J",MILWAUKEE,341,341,281,107,174,94,13
"Messina, Christopher",MILWAUKEE,352,352,263,158,105,146,12
"Morrison, Patrick H",MILWAUKEE,218,250,177,64,113,53,11
"O'Grady, Margaret J",MILWAUKEE,314,314,239,115,124,81,34
"Plunkett, Kevin",MILWAUKEE,2,252,2,2,0,2,0
"Ritter, Wayne L",MILWAUKEE,245,245,178,60,118,44,16
"Shenkenberg, William",MILWAUKEE,164,175,123,58,65,46,12
"Toal, Patrick J",MILWAUKEE,237,237,165,109,56,98,11
"Vodak, Kevin",MILWAUKEE,304,304,250,125,125,108,17
"Ayling, Corey",MINNEAPOLIS,20,20,10,7,3,5,2
"Brown, William G",MINNEAPOLIS,553,553,465,304,161,268,36
"Hart, Jeffrey W",MINNEAPOLIS,387,387,329,224,105,201,23
"Kimball, Peter",MINNEAPOLIS,412,413,346,179,167,160,19
"Kuhn, Virginia",MINNEAPOLIS,357,357,288,137,151,129,8
"Kunz, Mary M",MINNEAPOLIS,342,342,257,118,139,99,19
"Pharris, Micah",MINNEAPOLIS,365,365,299,137,162,124,13
"Quayle, Michael D",MINNEAPOLIS,413,413,354,205,149,186,19
"Thomas, Roger W",MINNEAPOLIS,476,476,411,140,271,105,35
"Thorbjornsen, Charles J",MINNEAPOLIS,222,265,187,109,78,102,7
"Thrasher, Richard",MINNEAPOLIS,206,206,159,95,64,88,7
"Washington, David B",MINNEAPOLIS,509,509,440,304,136,284,20
"Barter, James F",MOBILE,320,320,257,130,127,101,29
"Evans, Vickie",MOBILE,234,234,190,113,77,105,8
"Guice, Tracy S",MOBILE,361,361,280,166,114,159,7
"Hammond Jr., Warren L",MOBILE,394,394,323,227,96,220,7
"McCaghren, Marni R",MOBILE,301,301,243,156,87,143,13
"McClain-Leazure, Kim",MOBILE,281,281,222,166,56,163,3
"Michel, Alan E",MOBILE,358,358,274,185,89,180,5
"Murchison, David R",MOBILE,415,415,338,234,104,226,8
"Muth II, Thomas M",MOBILE,240,240,188,113,75,106,7
"Nelson, Roger A",MOBILE,303,303,237,173,64,165,8
"Pierce, Katie H",MOBILE,360,360,296,169,127,161,8
"Pischek, L. D",MOBILE,301,301,242,99,143,84,15
"Reams, Paul",MOBILE,353,353,273,143,130,119,24
"Robinson, Laura",MOBILE,366,366,294,179,115,165,14
"Sheely, Ben E",MOBILE,319,319,246,176,70,173,3
"Stalley, D. B",MOBILE,312,312,265,193,72,175,18
"Waller, Robert",MOBILE,293,293,221,123,98,104,19
"Anderson, Michael D",MONTGOMERY,409,409,343,245,98,241,4
"Barnett-Jefferson, Reni F",MONTGOMERY,381,381,306,144,162,113,31
"Helmer, Mary E",MONTGOMERY,426,445,348,208,140,204,4
"Intoccia, Vincent P",MONTGOMERY,480,480,401,286,115,232,54
"Johnson, Paul W",MONTGOMERY,376,376,301,218,83,213,5
"Klinger, Frank M",MONTGOMERY,365,365,266,181,85,164,17
"Kusznir, Maria N",MONTGOMERY,334,334,277,190,87,154,36
"Langland, John B",MONTGOMERY,411,411,347,170,177,164,6
"Lassiter, Jr., Walter V",MONTGOMERY,327,327,242,52,190,47,5
"Naylor, Amy H",MONTGOMERY,106,171,72,63,9,60,3
"South, Ricky V",MONTGOMERY,418,418,316,200,116,198,2
"Strong, Claire R",MONTGOMERY,334,334,280,187,93,160,27
"Thigpen, Charles A",MONTGOMERY,430,430,335,255,80,242,13
"Ball, Kenneth E",MORENO VALLEY CA,196,196,138,49,89,27,22
"Baum, Peter J",MORENO VALLEY CA,4,401,3,3,0,3,0
"Ginsberg, Lynn",MORENO VALLEY CA,325,325,273,142,131,119,23
"Kirby, Marti",MORENO VALLEY CA,306,306,263,174,89,118,56
"Markiewicz, Alan J",MORENO VALLEY CA,4,341,1,1,0,0,1
"McDonald, Dana E",MORENO VALLEY CA,300,300,257,148,109,118,30
"Richardson, Michael B",MORENO VALLEY CA,256,256,200,106,94,87,19
"Schloss, Joseph D",MORENO VALLEY CA,328,328,265,107,158,93,14
"Turner-Jones, Tamara",MORENO VALLEY CA,1,1,1,1,0,1,0
"Verne, Andrew",MORENO VALLEY CA,364,364,302,127,175,100,27
"Young, Duane D",MORENO VALLEY CA,83,168,73,50,23,43,7
"Alexander, Karl",MORGANTOWN,210,210,157,69,88,67,2
"Carpenter, Regina",MORGANTOWN,341,341,294,167,127,126,41
"Hall, Nikki",MORGANTOWN,242,242,176,58,118,38,20
"Kostol, Karen B",MORGANTOWN,275,275,214,116,98,98,18
"La Vicka, Jeffrey P",MORGANTOWN,322,322,257,114,143,103,11
"Mills III, George A",MORGANTOWN,269,269,211,70,141,63,7
"Anzalone, Mara-Louise",MT PLEASANT MI,122,122,115,67,48,60,7
"Baird, Bryce",MT PLEASANT MI,55,152,43,19,24,15,4
"Chess, Laura",MT PLEASANT MI,341,341,288,174,114,134,40
"Ebner, Elizabeth",MT PLEASANT MI,48,68,34,20,14,8,12
"Eiler, Kathleen H",MT PLEASANT MI,2,188,2,0,2,0,0
"Garves, Brian",MT PLEASANT MI,281,281,226,117,109,92,25
"Hurt, Patricia E",MT PLEASANT MI,63,196,45,18,27,16,2
"Isaacs, Davida H",MT PLEASANT MI,13,285,11,1,10,1,0
"Kim, Mark",MT PLEASANT MI,3,246,3,1,2,1,0
"Kleber, Kendra S",MT PLEASANT MI,309,309,244,128,116,117,11
"Marchioro, Stephen",MT PLEASANT MI,210,310,183,67,116,48,19
"Neely, Donald K",MT PLEASANT MI,34,337,33,15,18,14,1
"Nguyen, Manh H",MT PLEASANT MI,409,409,351,186,165,169,17
"O'Leary, JoErin",MT PLEASANT MI,321,321,271,169,102,143,26
"Shenkenberg, William",MT PLEASANT MI,11,175,7,4,3,4,0
"Zimmerman, Sarah",MT PLEASANT MI,13,13,11,7,4,5,2
"Andrews - Turner, Renee S",NASHVILLE,356,360,294,190,104,144,46
"Dougherty, Brian",NASHVILLE,318,318,269,136,133,114,22
"Ettinger, David A",NASHVILLE,399,399,340,205,135,173,32
"Gregori, Frank L",NASHVILLE,318,318,249,136,113,133,3
"Neuhoff, Elizabeth P",NASHVILLE,171,349,135,54,81,43,11
"Pietrangelo, Angele",NASHVILLE,358,361,309,145,164,127,18
"Shimer, Scott C",NASHVILLE,370,371,303,156,147,143,13
"Smith Jr, Alfred M",NASHVILLE,372,372,316,193,123,169,24
"Taylor, William F",NASHVILLE,59,470,47,39,8,36,3
"Thompson, Michelle",NASHVILLE,371,390,299,196,103,185,11
"Williams, H. S",NASHVILLE,266,266,229,172,57,168,4
"Boyd, Eskunder",NEW HAVEN,306,306,256,140,116,98,42
"DiBiccaro, Robert A",NEW HAVEN,291,291,250,137,113,112,25
"Harrington, I. K",NEW HAVEN,261,261,201,104,97,75,29
"Horton, Deirdre R",NEW HAVEN,304,304,255,120,135,85,35
"Kuperstein, Matthew",NEW HAVEN,277,277,217,120,97,95,25
"Thomas, Ronald J",NEW HAVEN,302,302,238,96,142,80,16
"Anzalone, Kerry J",NEW ORLEANS,342,342,265,216,49,195,21
"Burgess, John R",NEW ORLEANS,316,316,218,163,55,156,7
"Donaldson, Angela",NEW ORLEANS,125,128,96,64,32,51,13
"Gattuso, Mary",NEW ORLEANS,307,307,241,136,105,109,27
"Henderson, Thomas G",NEW ORLEANS,400,401,330,122,208,109,13
"Hilleren, Christine",NEW ORLEANS,228,228,168,57,111,49,8
"Pizzo, Nancy M",NEW ORLEANS,374,374,286,173,113,151,22
"Voisin, Glynn F",NEW ORLEANS,432,432,343,259,84,244,15
"Volz, III, Louis J",NEW ORLEANS,556,556,452,277,175,248,29
"White, Charlotte N",NEW ORLEANS,266,266,190,145,45,129,16
"Dorf, Robert C",NEW YORK,199,199,146,96,50,84,12
"Friedman, Michael",NEW YORK,167,167,145,51,94,42,9
"Grabeel, Thomas",NEW YORK,411,411,319,246,73,229,17
"Hecht, Mark",NEW YORK,379,379,305,172,133,128,44
"Penalver, Moises",NEW YORK,279,279,201,152,49,125,27
"Pizzuto, Marissa A",NEW YORK,319,319,244,176,68,158,18
"Reich, Gitel",NEW YORK,354,354,269,161,108,118,43
"Romeo, Lori",NEW YORK,62,207,48,28,20,19,9
"Sedaca, Joani",NEW YORK,292,292,221,174,47,136,38
"Solomon, Mark",NEW YORK,431,431,322,133,189,92,41
"Stagno, Linda A",NEW YORK,25,73,23,18,5,16,2
"Tannenbaum, Wallace",NEW YORK,364,364,275,161,114,136,25
"Vecchio, Lucian A",NEW YORK,329,329,260,189,71,179,10
"Allard, Sharon",NEWARK,291,291,210,114,96,59,55
"Alvarado, Douglass",NEWARK,287,287,239,150,89,110,40
"Damille, Ricardy",NEWARK,27,27,22,19,3,16,3
"Farrell, Leah",NEWARK,179,179,134,62,72,41,21
"Giannopoulos, John",NEWARK,99,99,79,21,58,16,5
"Krappa, Donna A",NEWARK,350,350,294,188,106,170,18
"Lissek, Meryl L",NEWARK,384,384,307,201,106,176,25
"Merrill, Theresa",NEWARK,274,274,213,127,86,120,7
"O'Leary, Dennis",NEWARK,379,379,317,180,137,152,28
"Olarsch, Leonard",NEWARK,337,337,266,158,108,152,6
"Rodriguez, Michael A",NEWARK,30,88,30,10,20,5,5
"Shillin, Beth",NEWARK,258,258,207,106,101,76,30
"West, Richard",NEWARK,357,357,310,199,111,139,60
"Brennan, Luke A",NHC ALBUQUERQUE,22,415,22,10,12,8,2
"Catanese, Louis M",NHC ALBUQUERQUE,36,349,33,23,10,20,3
"DeLaittre, David J",NHC ALBUQUERQUE,105,105,78,62,16,54,8
"Fernandez Rice, Myriam C",NHC ALBUQUERQUE,288,418,245,99,146,67,32
"Gaughen, Paul",NHC ALBUQUERQUE,11,279,10,9,1,9,0
"Lunderman, MaryAnn",NHC ALBUQUERQUE,308,308,272,86,186,57,29
"O'Melinn, Barry",NHC ALBUQUERQUE,263,394,228,128,100,122,6
"Pardo, Raul C",NHC ALBUQUERQUE,118,322,97,61,36,26,35
"Robinson, Barry",NHC ALBUQUERQUE,130,132,105,38,67,33,5
"Rolph, John W",NHC ALBUQUERQUE,2,95,2,2,0,2,0
"Scully-Hayes, Kathleen",NHC ALBUQUERQUE,5,42,3,3,0,3,0
"Van Vleck, Deborah J",NHC ALBUQUERQUE,116,310,99,42,57,34,8
"Willner, Ben",NHC ALBUQUERQUE,161,365,121,49,72,48,1
"Fernandez Rice, Myriam C",NHC ALBUQUERQUE SO,1,418,0,0,0,0,0
"Pardo, Raul C",NHC ALBUQUERQUE SO,31,322,19,14,5,10,4
"Robinson, Barry",NHC ALBUQUERQUE SO,2,132,2,0,2,0,0
"Van Vleck, Deborah J",NHC ALBUQUERQUE SO,194,310,158,74,84,63,11
"Willner, Ben",NHC ALBUQUERQUE SO,204,365,164,82,82,72,10
"Alston, Sara L",NHC BALTIMORE,337,337,281,252,29,238,14
"Chin, Stanley K",NHC BALTIMORE,426,426,356,205,151,191,14
"Diamond, Yvette N",NHC BALTIMORE,377,377,312,177,135,146,31
"Dillon, Christopher L",NHC BALTIMORE,262,262,114,68,46,57,11
"Grunberg, Hope G",NHC BALTIMORE,260,260,217,90,127,64,26
"Guida, Richard E",NHC BALTIMORE,199,446,168,52,116,36,16
"Henningfeld, Andrew",NHC BALTIMORE,46,46,31,27,4,27,0
"Kopicki, Michael J",NHC BALTIMORE,129,335,106,67,39,55,12
"Levey, Lawrence",NHC BALTIMORE,196,196,151,92,59,83,9
"McHenry III, James R",NHC BALTIMORE,147,309,117,63,54,55,8
"Pang, David S",NHC BALTIMORE,364,364,318,199,119,185,14
"Penn, Laureen",NHC BALTIMORE,362,362,289,133,156,94,39
"Scully-Hayes, Kathleen",NHC BALTIMORE,29,42,24,18,6,16,2
"Suris-Fernandez, Ramon",NHC BALTIMORE,290,393,200,134,66,120,14
"Torres, Susan L",NHC BALTIMORE,135,288,122,47,75,39,8
"Woode, Charles",NHC BALTIMORE,135,258,100,51,49,48,3
"Armstrong, Paul R",NHC CHICAGO,509,509,401,99,302,77,22
"Donovan, Sr., Joseph P",NHC CHICAGO,170,170,94,49,45,47,2
"Gaffaney, George M",NHC CHICAGO,423,423,330,119,211,106,13
"Gaughen, Paul",NHC CHICAGO,9,279,7,7,0,6,1
"Grippo, Theodore W",NHC CHICAGO,230,273,177,46,131,37,9
"Kramzyk, Henry",NHC CHICAGO,455,455,250,64,186,59,5
"Martin, Denise M",NHC CHICAGO,318,318,227,115,112,78,37
"Nagle, Kim Soo",NHC CHICAGO,442,442,224,82,142,51,31
"Parkhurst, Beverly S",NHC CHICAGO,217,217,158,75,83,70,5
"Pope, John",NHC CHICAGO,196,196,64,20,44,18,2
"Poulose, Mary Ann",NHC CHICAGO,378,378,140,56,84,48,8
"Sanzi, Thomas J",NHC CHICAGO,282,282,212,59,153,43,16
"Scully-Hayes, Kathleen",NHC CHICAGO,4,42,3,3,0,3,0
"Sharrard, Anne",NHC CHICAGO,299,299,222,98,124,65,33
"Sokolski, Deanna L",NHC CHICAGO,284,284,213,99,114,64,35
"Withum, Mary F",NHC CHICAGO,399,400,327,134,193,76,58
"Allen, John R",NHC FALLS CHURCH,17,17,14,9,5,6,3
"Begley, David J",NHC FALLS CHURCH,362,362,290,116,174,97,19
"Brinkley, Joseph L",NHC FALLS CHURCH,31,360,27,5,22,3,2
"Carr, Michael",NHC FALLS CHURCH,290,337,209,62,147,42,20
"Dummer, Rosanne M",NHC FALLS CHURCH,384,384,290,151,139,136,15
"Ebner, Elizabeth",NHC FALLS CHURCH,20,68,13,4,9,2,2
"Fuller, Roxanne",NHC FALLS CHURCH,392,392,325,177,148,153,24
"Gaughen, Paul",NHC FALLS CHURCH,8,279,7,6,1,5,1
"Gibbs, Julia D",NHC FALLS CHURCH,336,336,257,102,155,57,45
"Greenberg, Paul",NHC FALLS CHURCH,269,269,210,99,111,94,5
"Haaversen, Hortensia",NHC FALLS CHURCH,416,472,357,219,138,180,39
"Hamel, Gregory M",NHC FALLS CHURCH,454,454,382,174,208,108,66
"Manico, William M",NHC FALLS CHURCH,428,428,285,180,105,156,24
"Martin, Lisa B",NHC FALLS CHURCH,408,408,344,191,153,160,31
"Murdock, John",NHC FALLS CHURCH,254,254,210,179,31,171,8
"Withum, Mary F",NHC FALLS CHURCH,1,400,1,1,0,1,0
"BaileySmith, L. R",NHC ST LOUIS,321,321,279,128,151,98,30
"Benton, A.",NHC ST LOUIS,359,359,297,110,187,93,17
"Butler, Robert M",NHC ST LOUIS,189,189,164,107,57,89,18
"DiMaggio Wallis, Sandra R",NHC ST LOUIS,270,270,252,124,128,116,8
"Dowling, John M",NHC ST LOUIS,254,254,222,69,153,58,11
"Doyle, Joseph R",NHC ST LOUIS,282,282,229,92,137,83,9
"Faust, Jerry",NHC ST LOUIS,312,312,278,136,142,118,18
"Gaughen, Paul",NHC ST LOUIS,95,279,86,37,49,29,8
"Gavras, Chris L",NHC ST LOUIS,266,266,250,150,100,140,10
"Griffith, James B",NHC ST LOUIS,89,89,88,46,42,29,17
"Harvin-Woode, Mattie",NHC ST LOUIS,175,175,139,70,69,51,19
"Hazel, Michael",NHC ST LOUIS,259,259,208,140,68,134,6
"Heimann, Joseph L",NHC ST LOUIS,46,352,45,19,26,19,0
"Prinsloo, C. H",NHC ST LOUIS,217,217,184,132,52,123,9
"Scully-Hayes, Kathleen",NHC ST LOUIS,4,42,4,3,1,3,0
"Wallis, William",NHC ST LOUIS,227,227,216,117,99,109,8
"Woode, Charles",NHC ST LOUIS,123,258,111,23,88,22,1
"Bright, Maryann S",NORFOLK,276,276,226,104,122,86,18
"Dodson, O. P",NORFOLK,418,418,355,199,156,167,32
"Duann, Tom",NORFOLK,457,457,364,219,145,196,23
"Goldstein, Stewart",NORFOLK,352,352,288,156,132,133,23
"Jordan, Jeffrey M",NORFOLK,402,402,340,177,163,135,42
"Pianin, Irving A",NORFOLK,440,440,362,177,185,157,20
"Vest, Jr., William T",NORFOLK,361,361,305,151,154,126,25
"Coulter, Paul",NORWALK,416,416,337,183,154,163,20
"Minter, Cynthia A",NORWALK,172,172,130,109,21,87,22
"Nguyen, James P",NORWALK,350,350,284,156,128,143,13
"Radensky, Michael D",NORWALK,401,410,314,123,191,116,7
"Schneeberger, Edward P",NORWALK,48,48,46,34,12,30,4
"Yanohira, Dean",NORWALK,158,158,122,65,57,60,5
"Bruning, Janice M",OAK BROOK,410,410,342,189,153,169,20
"Cromer, Kimberly S",OAK BROOK,392,392,344,235,109,200,35
"Fina, Joel G",OAK BROOK,358,358,300,188,112,157,31
"Horn, James A",OAK BROOK,73,73,66,42,24,40,2
"Kelsey, Roxanne J",OAK BROOK,256,256,208,120,88,108,12
"Kraybill, John K",OAK BROOK,319,319,256,151,105,134,17
"Level, Lorenzo",OAK BROOK,46,46,38,26,12,21,5
"Mackowiak, William J",OAK BROOK,104,534,85,73,12,70,3
"Senander, Robert M",OAK BROOK,430,430,370,234,136,188,46
"Studzinski, Edward P",OAK BROOK,391,391,310,135,175,100,35
"Templin, Steven H",OAK BROOK,255,255,210,161,49,152,9
"Alaga-Gadigian, Janet L",OAK PARK,338,338,288,191,97,170,21
"Blum, Jerome B",OAK PARK,207,207,172,100,72,93,7
"Callahan, J. William",OAK PARK,271,271,221,135,86,124,11
"Christensen, Timothy J",OAK PARK,387,387,328,231,97,224,7
"Contorer, Beth J",OAK PARK,278,278,214,160,54,144,16
"Deming, Kari",OAK PARK,285,285,248,139,109,117,22
"Gruenburg, Dawn M",OAK PARK,58,379,51,35,16,28,7
"Hall-Keith, Jacqueline Y",OAK PARK,269,269,209,161,48,155,6
"Herman, Ronald",OAK PARK,347,347,293,227,66,213,14
"Herring, Virginia",OAK PARK,181,277,156,61,95,40,21
"Holiday, Gregory",OAK PARK,321,321,275,177,98,93,84
"McKay, Patricia S",OAK PARK,244,244,203,94,109,76,18
"Paige, Melody",OAK PARK,403,403,328,247,81,195,52
"Scallen, Timothy C",OAK PARK,395,395,331,170,161,151,19
"Alis, E.",OAKLAND,191,262,158,94,64,73,21
"Blume, Michael",OAKLAND,123,123,95,69,26,61,8
"Callis, Philip E",OAKLAND,3,3,1,1,0,1,0
"Flanagan, John J",OAKLAND,316,316,246,192,54,168,24
"Gill, Kevin",OAKLAND,45,112,39,25,14,18,7
"Hernandez, Evangelina P",OAKLAND,133,335,96,61,35,53,8
"Hill-Maxion, Sanya",OAKLAND,167,245,144,131,13,128,3
"Laverdure, Richard P",OAKLAND,279,279,220,116,104,103,13
"Loo, Katherine",OAKLAND,2,294,0,0,0,0,0
"Mazzi, David R",OAKLAND,101,343,77,62,15,58,4
"Parnow, Mary P",OAKLAND,110,280,85,50,35,43,7
"Welton, Bradlee S",OAKLAND,190,190,150,113,37,71,42
"Williams, Jr., Major",OAKLAND,225,225,182,153,29,148,5
"Baldwin, Trace",OKLAHOMA CITY,272,272,215,185,30,176,9
"Conyers, Susan W",OKLAHOMA CITY,380,380,328,155,173,141,14
"Fulton, Kenton W",OKLAHOMA CITY,342,342,290,168,122,149,19
"Gordon, J. Dell",OKLAHOMA CITY,476,476,391,243,148,230,13
"Hamilton, Angelita",OKLAHOMA CITY,322,322,259,131,128,125,6
"Harris, Michael",OKLAHOMA CITY,336,336,283,209,74,195,14
"LaRoche Jr., Roy E",OKLAHOMA CITY,74,260,65,15,50,8,7
"Levine, Jodi B.",OKLAHOMA CITY,327,327,274,180,94,162,18
"McLean, Jennie L.",OKLAHOMA CITY,234,234,165,59,106,46,13
"Merchan, Sylke",OKLAHOMA CITY,299,299,228,139,89,127,12
"Parrish, Kim D.",OKLAHOMA CITY,386,386,315,174,141,161,13
"Shepherd, Larry D.",OKLAHOMA CITY,372,372,282,111,171,97,14
"Stults, Douglas S.",OKLAHOMA CITY,366,366,266,146,120,130,16
"Thompson, Edward L.",OKLAHOMA CITY,416,416,312,155,157,136,19
"Anderson, G. Roderic",OMAHA,211,211,181,144,37,130,14
"Buell, David G",OMAHA,348,350,278,153,125,137,16
"Cameron Shattil, Emily",OMAHA,351,351,284,236,48,225,11
"Draper, Jo Ann L",OMAHA,1,146,0,0,0,0,0
"Dutton, Jan E",OMAHA,429,429,327,163,164,146,17
"Erickson, Diana",OMAHA,1,358,1,1,0,1,0
"Laba, Sherianne",OMAHA,3,3,3,3,0,3,0
"Lahners, Ronald D",OMAHA,310,310,235,147,88,140,7
"MacMurray, Ann F",OMAHA,28,28,26,18,8,15,3
"Souza, Raymond L",OMAHA,4,271,1,0,1,0,0
"Wolfe, J. Doug",OMAHA,1,385,1,0,1,0,0
"Andeer, Kyle E",ORANGE,88,339,70,37,33,26,11
"Hesse, Helen E",ORANGE,356,356,267,76,191,53,23
"Ho, Joan",ORANGE,424,424,328,63,265,54,9
"Hopson, Sharilyn",ORANGE,390,390,311,127,184,98,29
"Kays, John",ORANGE,364,364,289,186,103,165,21
"Lisiecki III, Joseph P",ORANGE,465,465,343,194,149,172,22
"Markiewicz, Alan J",ORANGE,337,341,273,149,124,109,40
"Wojciechowski, John W",ORANGE,382,382,282,133,149,127,6
"Bruce, David R",ORLAND PARK,348,348,287,142,145,124,18
"Ellis, Deborah E",ORLAND PARK,94,335,64,25,39,7,18
"Ferrer, Victoria A",ORLAND PARK,189,189,158,79,79,62,17
"Hellman, Michael",ORLAND PARK,271,271,212,84,128,68,16
"Johnson, Matthew",ORLAND PARK,177,195,142,85,57,66,19
"Kadlec, Kathleen",ORLAND PARK,82,82,69,39,30,21,18
"Laskaris, Bill",ORLAND PARK,46,205,43,28,15,14,14
"Mackowiak, William J",ORLAND PARK,430,534,346,291,55,284,7
"Pendola, Michael",ORLAND PARK,175,185,139,56,83,46,10
"Sayon, Karen",ORLAND PARK,309,309,251,93,158,83,10
"Smith, Gregory",ORLAND PARK,22,22,18,16,2,14,2
"Spalo, William",ORLAND PARK,365,365,310,169,141,139,30
"Supergan, Patricia W",ORLAND PARK,322,322,248,123,125,115,8
"Calabro, Michael",ORLANDO,448,448,372,220,152,188,32
"Eiler, Kathleen H",ORLANDO,186,188,146,67,79,59,8
"Fulcher, Eric S.",ORLANDO,390,400,318,152,166,123,29
"Houston, Pamela",ORLANDO,453,453,357,215,142,188,27
"LaBoda, Barry C",ORLANDO,312,312,244,218,26,199,19
"Landrum, Bruce",ORLANDO,286,286,213,109,104,95,14
"Mahon, Janet",ORLANDO,394,394,324,172,152,152,20
"Mandry, Maria T",ORLANDO,336,385,267,159,108,150,9
"Marcinkowski, Robert D",ORLANDO,233,233,196,109,87,82,27
"Rodriguez-Quilichini, E",ORLANDO,433,433,338,183,155,167,16
"Rose, Joseph A",ORLANDO,207,408,176,113,63,105,8
"Senf, Chester G",ORLANDO,380,380,303,231,72,204,27
"Statum, Emily R",ORLANDO,63,251,53,24,29,22,2
"Tejada-Rivera, Pedro",ORLANDO,383,383,322,191,131,178,13
"Walker, Douglas A",ORLANDO,523,523,426,272,154,202,70
"Downs, Amber",PADUCAH,49,284,47,16,31,11,5
"Eaton, Marci P",PADUCAH,409,409,336,213,123,205,8
"Hall, Lisa R",PADUCAH,317,325,246,131,115,113,18
"Kraft, Emilie",PADUCAH,355,392,312,164,148,137,27
"Lassy, Mary S",PADUCAH,304,304,275,174,101,165,9
"Chau, Ken H",PASADENA,289,289,249,129,120,119,10
"Cooper, Bruce T",PASADENA,171,171,130,102,28,97,5
"Goodman, James D",PASADENA,295,295,230,85,145,56,29
"Martinez, Joel B",PASADENA,136,136,111,39,72,36,3
"McKenna, Michael",PASADENA,197,197,149,78,71,68,10
"Montano, Donna M",PASADENA,269,269,196,135,61,122,13
"Moreen, John D",PASADENA,122,122,105,58,47,52,6
"Simon, Philip J",PASADENA,282,282,226,150,76,133,17
"Troope, Lesley",PASADENA,333,333,269,174,95,157,17
"Ellis, Deborah E",PEORIA,241,335,197,71,126,40,31
"Flebbe, Diane R",PEORIA,100,100,84,27,57,23,4
"Laub, Kathleen",PEORIA,107,246,83,29,54,23,6
"Mueller, Koren",PEORIA,22,202,17,6,11,5,1
"Pendola, Michael",PEORIA,10,185,4,0,4,0,0
"Rickert, Gerard J",PEORIA,218,218,174,109,65,103,6
"Schwartz, Robert H",PEORIA,349,349,312,158,154,90,68
"Thompson, David W",PEORIA,410,410,329,121,208,94,27
"Wilson, Shreese M",PEORIA,219,219,190,101,89,84,17
"Wood, John M",PEORIA,377,377,274,99,175,92,7
"Zapf, Susan F",PEORIA,380,380,315,145,170,117,28
"Fitzpatrick, John M",PHILADELPHIA,206,206,180,132,48,123,9
"Hillegas, Joseph M",PHILADELPHIA,459,459,364,243,121,197,46
"Katzman, Owen B",PHILADELPHIA,315,315,210,102,108,93,9
"Kelly, Richard A",PHILADELPHIA,323,323,226,156,70,134,22
"Lyons, Jon C",PHILADELPHIA,324,324,239,168,71,155,13
"McCafferty, Christine",PHILADELPHIA,90,243,55,22,33,21,1
"McDade, Kathleen",PHILADELPHIA,175,184,125,55,70,43,12
"Overton, Nadine",PHILADELPHIA,238,238,132,68,64,53,15
"Sacks, Alan",PHILADELPHIA,10,10,10,5,5,4,1
"Volkman, Janice C",PHILADELPHIA,253,253,188,124,64,115,9
"Warren, Regina L",PHILADELPHIA,363,363,240,127,113,83,44
"Wesner, Jonathan L",PHILADELPHIA,347,363,268,202,66,147,55
"Bosch, Stephen",PHILADELPHIA EAST,291,291,147,92,55,81,11
"Gauffreau, Stuart",PHILADELPHIA EAST,400,400,312,118,194,97,21
"Lash, Jennifer M",PHILADELPHIA EAST,203,293,167,75,92,44,31
"McCafferty, Christine",PHILADELPHIA EAST,153,243,88,36,52,33,3
"McDade, Kathleen",PHILADELPHIA EAST,9,184,6,4,2,1,3
"Merritt, Susannah",PHILADELPHIA EAST,277,277,203,79,124,63,16
"Morales-Rosa, Sandra H",PHILADELPHIA EAST,338,338,237,151,86,144,7
"Statum, Emily R",PHILADELPHIA EAST,188,251,131,60,71,55,5
"Strother, Channing",PHILADELPHIA EAST,93,105,68,39,29,36,3
"Timm, Frederick",PHILADELPHIA EAST,455,455,355,226,129,205,21
"Wishnoff, Howard",PHILADELPHIA EAST,155,179,116,60,56,54,6
"Fletcher, Guy E",PHOENIX,326,342,265,164,101,129,35
"Fow, Paula",PHOENIX,197,202,143,76,67,55,21
"Gaffney, John",PHOENIX,374,396,316,166,150,141,25
"Schum, Randolph E",PHOENIX,380,380,309,93,216,60,33
"Tucevich, Michael D",PHOENIX,229,229,185,116,69,96,20
"Waters, Carla L",PHOENIX,339,339,297,106,191,57,49
"Zamora, Christa",PHOENIX,345,345,292,136,156,101,35
"Zisook, Sheldon P",PHOENIX,366,367,310,109,201,82,27
"Armbruster, Ted W",PHOENIX NORTH,304,304,221,103,118,91,12
"Bucci, Patricia A",PHOENIX NORTH,299,299,232,85,147,44,41
"Bucci, Patricia A",PHOENIX NORTH,2,2,2,1,1,0,1
"Cates, Jr., Earl C.",PHOENIX NORTH,290,290,220,92,128,86,6
"Farmer, Lyn",PHOENIX NORTH,162,169,133,95,38,79,16
"Knight, Joan G",PHOENIX NORTH,273,273,213,88,125,78,10
"Mucerino, Kathleen",PHOENIX NORTH,394,394,333,295,38,270,25
"Rosen-Underwood, Claudi L",PHOENIX NORTH,217,217,126,77,49,65,12
"Walls, Kelly",PHOENIX NORTH,307,316,263,163,100,113,50
"Zisook, Sheldon P",PHOENIX NORTH,1,367,1,0,1,0,0
"Appetta, Natalie",PITTSBURGH,1,1,1,0,1,0,0
"Bareford, Christian",PITTSBURGH,162,162,119,67,52,54,13
"Brash, David F",PITTSBURGH,169,315,106,44,62,33,11
"Colligan, Michael F",PITTSBURGH,261,261,210,132,78,127,5
"Davis, Lamar W",PITTSBURGH,2,314,2,1,1,1,0
"de Leon, Alma S",PITTSBURGH,249,249,178,118,60,115,3
"Ehasz, Sarah",PITTSBURGH,155,155,104,58,46,45,13
"Gates, Timothy",PITTSBURGH,125,167,97,62,35,50,12
"Kaczmarek, Michael S",PITTSBURGH,254,254,191,77,114,54,23
"Kenworthy, William E",PITTSBURGH,456,456,336,173,163,147,26
"Kozma, David J",PITTSBURGH,100,100,83,57,26,54,3
"Papazekos, Joanna",PITTSBURGH,288,288,196,109,87,101,8
"Perry- Dowdell, Leslie",PITTSBURGH,312,312,212,89,123,53,36
"Porter, John J",PITTSBURGH,456,456,342,175,167,155,20
"Brennan, Luke A",PONCE,1,415,0,0,0,0,0
"Fernandez Rice, Myriam C",PONCE,2,418,0,0,0,0,0
"Glanville, Harold",PONCE,440,635,378,243,135,240,3
"Grippo, Theodore W",PONCE,43,273,39,24,15,17,7
"Haaversen, Hortensia",PONCE,56,472,47,39,8,35,4
"Nunez, Maria",PONCE,5,381,4,0,4,0,0
"Pardo, Raul C",PONCE,45,322,41,31,10,14,17
"Pico, Gerardo R",PONCE,1,238,0,0,0,0,0
"Cutter, Christine",PORTLAND ME,138,138,106,53,53,45,8
"Davis, Lamar W",PORTLAND ME,312,314,264,164,100,156,8
"Helm, Linda J",PORTLAND ME,270,270,210,126,84,114,12
"Melanson, John L",PORTLAND ME,392,392,305,180,125,169,11
"Morgan, Katherine",PORTLAND ME,256,256,218,171,47,158,13
"Sax, Carol A",PORTLAND ME,4,266,4,4,0,4,0
"Shortill, Joseph",PORTLAND ME,265,265,212,182,30,172,10
"Campbell, Robert F",PORTLAND OR,342,342,277,178,99,152,26
"Geib, Richard",PORTLAND OR,212,212,164,75,89,61,14
"Grace, S. Andrew",PORTLAND OR,363,371,302,151,151,77,74
"Hoenninger, Jo",PORTLAND OR,400,400,305,157,148,128,29
"Jones, Rebecca L",PORTLAND OR,143,143,95,30,65,25,5
"Leise, Sue",PORTLAND OR,299,299,243,121,122,95,26
"Lynch, Steve",PORTLAND OR,431,431,353,193,160,164,29
"Michaelsen, John",PORTLAND OR,31,372,23,8,15,8,0
"Mozyrsky, Vadim",PORTLAND OR,402,402,341,125,216,99,26
"Murgo, Rudolph",PORTLAND OR,443,443,350,145,205,122,23
"Pines, S.",PORTLAND OR,209,209,163,80,83,34,46
"Robeck, Paul G",PORTLAND OR,393,393,309,137,172,122,15
"Thomasson, Linda",PORTLAND OR,366,366,306,115,191,75,40
"Best, Barry H",PROVIDENCE,393,393,262,97,165,79,18
"Bower, Martha",PROVIDENCE,433,433,318,97,221,86,11
"Garrian, Tanya J",PROVIDENCE,439,439,352,225,127,205,20
"Goodale, Paul W",PROVIDENCE,216,341,168,62,106,49,13
"Mastrangelo, Jason",PROVIDENCE,432,432,331,118,213,90,28
"McGinn, V. Paul",PROVIDENCE,516,516,408,324,84,300,24
"Resnick, Gerald",PROVIDENCE,521,521,414,204,210,192,12
"Allen, Michelle I",QUEENS,148,177,118,73,45,56,17
"Cofresi, Michael D",QUEENS,93,93,66,44,22,41,3
"Cohen, Jay L",QUEENS,293,293,226,154,72,126,28
"Donaghy, Margaret A",QUEENS,233,233,186,113,73,103,10
"Haber Lamkay, Jacquelin",QUEENS,214,310,174,100,74,72,28
"Hoppenfeld, Marilyn P",QUEENS,117,117,73,54,19,39,15
"Iwuamadi, Ifeoma N",QUEENS,113,113,89,60,29,47,13
"Lahat, Gal",QUEENS,85,85,73,55,18,51,4
"Pecoraro, Margaret L",QUEENS,258,258,200,167,33,155,12
"Strauss, Hazel C",QUEENS,40,40,22,6,16,6,0
"Andersen, William",RALEIGH,375,375,298,244,54,236,8
"Brinkley, Joseph L",RALEIGH,329,360,262,113,149,106,7
"Brockington, Gary",RALEIGH,285,342,239,70,169,57,13
"Cavadi, Michelle D",RALEIGH,10,297,10,3,7,3,0
"Davis, Kelly",RALEIGH,481,481,399,291,108,274,17
"Hall, Lisa R",RALEIGH,8,325,7,1,6,1,0
"Harper, Catherine",RALEIGH,373,373,318,147,171,129,18
"Hogan, Mason",RALEIGH,389,389,310,156,154,134,22
"Miller, Larry A",RALEIGH,399,400,327,166,161,133,33
"Ofori-Acquaah, Anne-Mar A",RALEIGH,261,353,215,78,137,61,17
"Phares, Robert J",RALEIGH,447,447,373,243,130,203,40
"Rideout, Robert",RALEIGH,193,193,145,103,42,103,0
"Williams, James E",RALEIGH,351,361,306,125,181,115,10
"Wisz, Katherine D",RALEIGH,227,227,192,112,80,96,16
"Wright, Wanda L",RALEIGH,381,381,326,204,122,179,25
"Burlison, Eileen",RENO NV,95,95,77,21,56,20,1
"Denney, Craig",RENO NV,26,26,22,10,12,9,1
"Johannes, Ryan",RENO NV,422,422,353,220,133,177,43
"Shave, Janice E",RENO NV,234,239,195,106,89,92,14
"Carr, Michael",RICHMOND,47,337,37,13,24,7,6
"Foster, Nicolas R",RICHMOND,404,404,330,154,176,115,39
"Hammock, Melissa",RICHMOND,31,31,20,10,10,9,1
"Hauser, William H.",RICHMOND,414,414,336,177,159,155,22
"Hurt, Patricia E",RICHMOND,133,196,122,39,83,36,3
"Johnson, Jr., Anthony J",RICHMOND,376,376,309,166,143,129,37
"Kennedy, Theodore P",RICHMOND,397,397,325,170,155,134,36
"Nunez, Maria",RICHMOND,376,381,279,134,145,122,12
"Anderson, Monica J",RIO GRANDE VALLEY TX,4,313,3,0,3,0,0
"Erickson, Allen G",RIO GRANDE VALLEY TX,20,392,17,5,12,3,2
"Gilbert, Richard A",RIO GRANDE VALLEY TX,74,495,63,29,34,25,4
"Helget, Thomas J",RIO GRANDE VALLEY TX,2,426,0,0,0,0,0
"Lappin, Randi E",RIO GRANDE VALLEY TX,403,404,308,159,149,102,57
"Mariano-Jackson, Evange",RIO GRANDE VALLEY TX,27,283,23,16,7,11,5
"Stubblefield, Ross",RIO GRANDE VALLEY TX,33,447,26,5,21,5,0
"Suttles, Gary J",RIO GRANDE VALLEY TX,25,359,16,3,13,2,1
"Dawkins, John",ROANOKE,31,31,28,19,9,12,7
"De Monbreum, Steven A",ROANOKE,112,208,94,60,34,57,3
"Erwin, Thomas W",ROANOKE,372,372,321,182,139,157,25
"Lewandowski, David S",ROANOKE,268,268,213,110,103,98,12
"Page, Geraldine H",ROANOKE,314,314,263,116,147,79,37
"Schueler, Jeffrey J",ROANOKE,297,297,256,132,124,106,26
"Scruton, Joseph T",ROANOKE,371,371,317,179,138,155,24
"Sprague, Anne V",ROANOKE,182,361,148,73,75,58,15
"Costello, John P",ROCHESTER,308,308,259,161,98,145,16
"Devlin, Michael W",ROCHESTER,277,352,196,154,42,138,16
"Kane, Brian",ROCHESTER,402,402,335,256,79,236,20
"Morgan, Aaron M",ROCHESTER,1,4,0,0,0,0,0
"O'Brien, Connor",ROCHESTER,234,234,184,136,48,122,14
"Belli, Peter F",SACRAMENTO,154,154,111,47,64,45,2
"Blume, David M",SACRAMENTO,442,442,398,265,133,239,26
"Buck, Carol L",SACRAMENTO,296,296,227,127,100,109,18
"Buell, David G",SACRAMENTO,2,350,1,0,1,0,0
"Duran, Lawrence J",SACRAMENTO,445,445,370,254,116,235,19
"Eckersen, Carol A",SACRAMENTO,329,329,270,136,134,117,19
"Fong, L. Kalei",SACRAMENTO,253,253,201,69,132,49,20
"French, Mary M",SACRAMENTO,339,339,285,192,93,179,13
"Gillis, Sara A",SACRAMENTO,412,412,348,171,177,143,28
"Grooms, Odell",SACRAMENTO,194,241,168,111,57,79,32
"Kerins, Jean R",SACRAMENTO,101,116,83,55,28,39,16
"Knowdell, Christopher C",SACRAMENTO,289,289,251,136,115,108,28
"Myers, Daniel",SACRAMENTO,158,269,129,52,77,32,20
"Ramsey, Mark C",SACRAMENTO,345,345,275,107,168,84,23
"Renoe, Curtis",SACRAMENTO,25,25,13,7,6,6,1
"Tronvig, Jr., Robert C",SACRAMENTO,297,297,231,156,75,141,15
"Villere Jr., Plauche F",SACRAMENTO,505,505,435,316,119,287,29
"Crowell, Jason W",SALT LAKE CITY,321,321,245,117,128,97,20
"Hobbs, B.",SALT LAKE CITY,330,342,264,144,120,123,21
"Jensen, Donald R",SALT LAKE CITY,105,105,101,69,32,47,22
"Labrum, Robert J",SALT LAKE CITY,291,291,238,188,50,164,24
"Martinez, Gilbert A",SALT LAKE CITY,394,394,307,138,169,114,24
"Stroup, Marsha",SALT LAKE CITY,28,238,21,15,6,13,2
"Switzer, Kathleen H",SALT LAKE CITY,294,294,227,177,50,160,17
"Wolfe, J. Doug",SALT LAKE CITY,384,385,327,226,101,189,37
"Barnett, Ben",SAN ANTONIO,373,373,300,112,188,90,22
"Blucher, Jonathan P",SAN ANTONIO,230,230,186,30,156,22,8
"Brower, Charles L",SAN ANTONIO,366,366,280,146,134,131,15
"Brown, Katherine W",SAN ANTONIO,395,395,313,138,175,119,19
"Eason, Kimani R",SAN ANTONIO,2,217,2,1,1,1,0
"Engel, David W",SAN ANTONIO,3,532,3,2,1,1,1
"Gazda, Peter F",SAN ANTONIO,373,373,312,197,115,178,19
"Harper, Don A",SAN ANTONIO,405,405,317,160,157,149,11
"Holmes, Janice L",SAN ANTONIO,370,370,291,112,179,95,17
"Kirkpatrick, Melinda W",SAN ANTONIO,486,487,378,199,179,159,40
"Kramer, Ilene B",SAN ANTONIO,348,348,273,134,139,126,8
"Marquardt, Barbara C",SAN ANTONIO,341,341,258,86,172,73,13
"McKay, Bernard J",SAN ANTONIO,380,380,311,134,177,116,18
"McPhail, Robert M",SAN ANTONIO,190,190,144,53,91,38,15
"Momcilovic, Gordan",SAN ANTONIO,439,439,327,116,211,101,15
"Perez, Lissette C",SAN ANTONIO,209,209,162,72,90,59,13
"Powell, Barbara",SAN ANTONIO,377,377,297,70,227,57,13
"Swayze, Mark M",SAN ANTONIO,302,302,237,95,142,80,15
"Vanderhoof, Gary L",SAN ANTONIO,423,460,348,139,209,125,14
"Whittington, Susan",SAN ANTONIO,14,14,1,0,1,0,0
"Wilkov, Penny",SAN ANTONIO,15,15,7,0,7,0,0
"Wurm, David R",SAN ANTONIO,342,367,268,150,118,128,22
"Alegre, Dante M",SAN BERNARDINO,375,375,309,106,203,79,27
"Fernandez, Laura",SAN BERNARDINO,380,380,285,101,184,74,27
"Harrell, Jr., Mason D",SAN BERNARDINO,368,368,298,159,139,148,11
"Loo, Katherine",SAN BERNARDINO,139,294,100,55,45,46,9
"Pease, Jesse J",SAN BERNARDINO,322,322,261,155,106,114,41
"Radensky, Michael D",SAN BERNARDINO,9,410,0,0,0,0,0
"Silva, Troy",SAN BERNARDINO,348,348,261,146,115,130,16
"Stewart, Nancy M",SAN BERNARDINO,355,369,300,183,117,142,41
"Benham, Eric V",SAN DIEGO,253,253,216,143,73,107,36
"Carletti, James S",SAN DIEGO,205,205,161,84,77,56,28
"Cole, Donald P",SAN DIEGO,363,363,291,129,162,107,22
"Dietterle, Keith",SAN DIEGO,359,359,299,160,139,146,14
"Greenberg, Mark B",SAN DIEGO,397,397,361,228,133,204,24
"Henrie, Robin L",SAN DIEGO,285,285,240,127,113,94,33
"Iafe, Robert",SAN DIEGO,150,150,123,87,36,77,10
"Levine, Jay E",SAN DIEGO,332,332,280,133,147,89,44
"Mueller, William K",SAN DIEGO,376,376,309,165,144,136,29
"Treblin, Howard K",SAN DIEGO,358,358,302,224,78,212,12
"Valentino, Peter J",SAN DIEGO,104,104,88,48,40,39,9
"Erickson, Robert M",SAN FRANCISCO,259,259,225,147,78,132,15
"Heyer, John",SAN FRANCISCO,393,393,334,190,144,177,13
"Lee, Gary J",SAN FRANCISCO,4,328,3,2,1,2,0
"Lewald, Susanne",SAN FRANCISCO,296,349,251,156,95,117,39
"Lisewski, Nancy",SAN FRANCISCO,348,352,260,133,127,109,24
"Loo, Katherine",SAN FRANCISCO,104,294,67,43,24,36,7
"Parnow, Mary P",SAN FRANCISCO,170,280,133,77,56,67,10
"Scott, Judson",SAN FRANCISCO,120,120,109,42,67,40,2
"Andeer, Kyle E",SAN JOSE,2,339,0,0,0,0,0
"Barbeito, Betty Roberts",SAN JOSE,352,352,292,144,148,126,18
"Freedman, Robert",SAN JOSE,208,208,173,65,108,57,8
"Gaye, Thomas J",SAN JOSE,283,283,228,152,76,134,18
"Hannon, T. Patrick",SAN JOSE,293,293,228,119,109,87,32
"Hoskins Hart, Teresa L",SAN JOSE,298,298,241,112,129,78,34
"Inama, Christopher R",SAN JOSE,6,385,6,2,4,2,0
"Lyman, Phillip C",SAN JOSE,279,279,223,135,88,116,19
"Michaud, Frederick",SAN JOSE,144,144,129,90,39,72,18
"Rogozen, Brenton L",SAN JOSE,458,458,388,188,200,73,115
"Sleater, Regina L",SAN JOSE,312,312,252,180,72,155,25
"del Valle, Manuel",SAN JUAN,366,465,284,269,15,266,3
"Gautier, Rosael",SAN JUAN,326,326,265,220,45,212,8
"Kimball, Peter",SAN JUAN,1,413,1,1,0,1,0
"Mandry, Maria T",SAN JUAN,49,385,41,40,1,40,0
"Mercado, Gregui J",SAN JUAN,384,384,344,276,68,275,1
"Ortiz-Valero, Richard J",SAN JUAN,9,352,8,3,5,1,2
"Pico, Gerardo R",SAN JUAN,230,238,201,151,50,143,8
"Quinones, Ramon E",SAN JUAN,394,394,355,314,41,310,4
"Silva, Mario G",SAN JUAN,8,420,6,4,2,4,0
"Suris-Fernandez, Ramon",SAN JUAN,103,393,97,71,26,62,9
"Torres, Judith",SAN JUAN,41,41,32,31,1,30,1
"Benmour, Maxine R",SAN RAFAEL,211,211,199,101,98,93,8
"Hong, Serena S",SAN RAFAEL,327,327,273,197,76,135,62
"Krolikowski, Suzanne",SAN RAFAEL,75,104,58,27,31,19,8
"Kwon, K.",SAN RAFAEL,322,322,257,167,90,119,48
"Mazzi, David R",SAN RAFAEL,242,343,216,167,49,148,19
"O'Brien-Persons, Wynne",SAN RAFAEL,214,236,163,113,50,76,37
"O'Connor, Mary Beth",SAN RAFAEL,284,284,231,110,121,93,17
"Andeer, Kyle E",SANTA BARBARA,249,339,198,107,91,76,31
"Everstine, Mary L",SANTA BARBARA,317,317,263,116,147,64,52
"Garwal, Dale A",SANTA BARBARA,384,384,335,192,143,163,29
"Koltys, Henry",SANTA BARBARA,225,225,195,121,74,110,11
"Watson, Elizabeth",SANTA BARBARA,3,339,2,0,2,0,0
"Winkelman, Roger E",SANTA BARBARA,230,230,190,101,89,89,12
"Biloon, Millard L",SAVANNAH,225,225,185,145,40,139,6
"Carter, Constance D",SAVANNAH,225,384,173,91,82,77,14
"Carter, Paul S",SAVANNAH,199,318,157,94,63,82,12
"Casher, Geoffrey S",SAVANNAH,481,482,354,129,225,100,29
"Davenport, G. W",SAVANNAH,1,1,1,0,1,0,0
"Fishman, Donald B",SAVANNAH,133,133,97,57,40,50,7
"Foerster, Robert O",SAVANNAH,414,414,334,247,87,229,18
"Furcolo, Richard",SAVANNAH,294,294,235,63,172,51,12
"Gold, Jr., Morton J",SAVANNAH,58,58,49,20,29,18,2
"Maclean, John H",SAVANNAH,377,377,265,166,99,131,35
"Mason, John R",SAVANNAH,397,397,313,189,124,154,35
"Petersen, Craig R",SAVANNAH,364,364,285,125,160,93,32
"Adams, M. J.",SEATTLE,314,314,209,88,121,65,23
"Allred, Keith",SEATTLE,14,324,8,4,4,4,0
"Araki, Wayne N",SEATTLE,298,298,211,120,91,98,22
"Boyce, Kimberly",SEATTLE,292,292,204,88,116,59,29
"Filion, Cheri L",SEATTLE,190,190,127,71,56,61,10
"Gallagher Dilley, Mary",SEATTLE,277,277,209,120,89,97,23
"Griggs, Gordon W",SEATTLE,282,282,207,103,104,86,17
"Kennedy, Larry",SEATTLE,274,274,196,56,140,30,26
"Mangrum, Timothy",SEATTLE,220,220,171,110,61,99,11
"Martz, Stephanie",SEATTLE,283,283,206,93,113,80,13
"Meyers, Glenn G",SEATTLE,205,205,137,55,82,39,16
"Morris, Tom L",SEATTLE,219,219,148,40,108,17,23
"Robinson, Virginia M",SEATTLE,230,230,169,36,133,27,9
"Rolph, John W",SEATTLE,6,95,5,2,3,1,1
"Sloan, Ilene",SEATTLE,208,208,127,50,77,38,12
"Valente, Laura",SEATTLE,261,261,190,101,89,80,21
"Bezego, William J",SEVEN FIELDS,395,395,312,142,170,104,38
"Brash, David F",SEVEN FIELDS,146,315,121,50,71,36,14
"Cohen, Douglas",SEVEN FIELDS,440,440,343,178,165,109,69
"Cusick, Daniel F",SEVEN FIELDS,357,357,247,81,166,51,30
"Hannan, Bonnie",SEVEN FIELDS,372,372,307,130,177,93,37
"Kooser, John",SEVEN FIELDS,328,328,262,180,82,162,18
"Stanley, Wayne",SEVEN FIELDS,346,346,261,158,103,155,3
"Wood, Brian W",SEVEN FIELDS,328,328,254,147,107,120,27
"Abbondondelo, Mary",SHREVEPORT,399,399,349,259,90,222,37
"Antonowicz, John",SHREVEPORT,418,418,359,188,171,162,26
"Bundy, W. Thomas",SHREVEPORT,243,243,206,78,128,69,9
"Lindsay, Charles R.",SHREVEPORT,443,443,379,172,207,151,21
"Wright, Charlotte A",SHREVEPORT,391,391,325,115,210,53,62
"Bossong, Kenneth",SOUTH JERSEY,314,314,249,190,59,177,13
"Cerulli, Nicholas",SOUTH JERSEY,183,183,148,94,54,84,10
"Gabell, Margaret M",SOUTH JERSEY,128,128,99,57,42,42,15
"Mc Afoos III, Louis G",SOUTH JERSEY,323,323,255,231,24,221,10
"Shellhamer, Daniel N",SOUTH JERSEY,273,273,214,156,58,119,37
"Shelton, Karen",SOUTH JERSEY,310,310,240,118,122,88,30
"Spector, Jennifer",SOUTH JERSEY,129,318,104,56,48,41,15
"Toland, Marguerite",SOUTH JERSEY,241,241,178,94,84,85,9
"Watson, Nycole",SOUTH JERSEY,68,68,31,20,11,13,7
"Wesner, Jonathan L",SOUTH JERSEY,16,363,4,4,0,4,0
"Ausems, Moira",SPOKANE,347,347,305,230,75,213,17
"Freund, Lori L",SPOKANE,329,329,274,213,61,204,9
"Kim, Mark",SPOKANE,243,246,203,128,75,114,14
"Palachuk, Marie",SPOKANE,305,305,244,145,99,125,20
"Payne, R. J",SPOKANE,371,371,307,134,173,119,15
"Shumway, Jesse K",SPOKANE,350,350,290,165,125,156,9
"Siderius, Caroline",SPOKANE,245,245,208,136,72,127,9
"Walker, Donna L",SPOKANE,406,406,320,216,104,204,12
"Breton, Michael P",SPRINGFIELD MA,406,406,317,186,131,162,24
"Cooperman, Leonard J",SPRINGFIELD MA,3,3,3,0,3,0,0
"Griswold, Kim K",SPRINGFIELD MA,346,346,276,119,157,96,23
"Holbrook, Todd S",SPRINGFIELD MA,54,54,46,26,20,19,7
"Martinelli, Peter J",SPRINGFIELD MA,116,116,92,61,31,55,6
"Masengill, Addison C",SPRINGFIELD MA,534,534,463,276,187,209,67
"Stolfo, Judith M",SPRINGFIELD MA,413,413,315,199,116,180,19
"Cheffins, Thomas",SPRINGFIELD MO,477,477,366,92,274,70,22
"Clayton, Mark A",SPRINGFIELD MO,263,263,200,58,142,49,9
"Draper, Jo Ann L",SPRINGFIELD MO,6,146,0,0,0,0,0
"Franklin, Perry L",SPRINGFIELD MO,337,337,259,106,153,86,20
"Fromme, David K",SPRINGFIELD MO,124,124,113,28,85,24,4
"Gillet, James F",SPRINGFIELD MO,229,229,180,50,130,42,8
"Horton, Victor L",SPRINGFIELD MO,397,397,299,71,228,69,2
"Leary, Mary J",SPRINGFIELD MO,406,406,312,113,199,96,17
"Lynch, Robert A",SPRINGFIELD MO,206,206,159,69,90,61,8
"Morrison, Patrick H",SPRINGFIELD MO,32,250,14,3,11,3,0
"Anderson, Gwen",ST LOUIS,89,89,52,36,16,34,2
"Auble, Thomas",ST LOUIS,176,176,128,63,65,57,6
"Brown, Mark A",ST LOUIS,37,37,29,24,5,20,4
"Gulick, Scot",ST LOUIS,35,287,32,7,25,6,1
"Hanekamp, Stephen M",ST LOUIS,340,340,272,171,101,144,27
"Harris, Leetra J",ST LOUIS,30,30,21,9,12,8,1
"Heimann, Joseph L",ST LOUIS,306,352,242,122,120,105,17
"LaPolt, Monica",ST LOUIS,1,29,0,0,0,0,0
"Leslie, Lisa",ST LOUIS,284,284,220,99,121,71,28
"Morgan, Aaron M",ST LOUIS,1,4,1,0,1,0,0
"Mueller, Koren",ST LOUIS,180,202,132,30,102,22,8
"Naggi, Mark",ST LOUIS,29,338,24,18,6,17,1
"Plucker, Nathaniel",ST LOUIS,357,357,267,148,119,127,21
"Robison, Robert S",ST LOUIS,139,139,109,73,36,61,12
"Alderisio, James P",ST PETERSBURG FL,331,331,275,149,126,122,27
"Amos, B. T",ST PETERSBURG FL,355,361,292,188,104,170,18
"Colon, Arline",ST PETERSBURG FL,315,315,220,69,151,50,19
"Dent, Joseph F",ST PETERSBURG FL,402,402,293,144,149,118,26
"Eckert, Jr., F. T",ST PETERSBURG FL,356,356,304,228,76,211,17
"Gartner, Richard P",ST PETERSBURG FL,337,337,274,176,98,173,3
"Greene, Laurel J",ST PETERSBURG FL,242,272,188,160,28,151,9
"Hubler, Lloyd",ST PETERSBURG FL,373,373,305,128,177,115,13
"McNamee-Alemany, John D",ST PETERSBURG FL,363,363,287,238,49,233,5
"Miller, Scott T",ST PETERSBURG FL,292,292,232,173,59,168,5
"Smith, Donald G",ST PETERSBURG FL,379,379,296,177,119,154,23
"Sprague, Anne V",ST PETERSBURG FL,179,361,147,87,60,70,17
"Torres, Elving L",ST PETERSBURG FL,356,356,280,100,180,81,19
"Zamboni, Norman R",ST PETERSBURG FL,325,325,259,175,84,164,11
"Alis, E.",STOCKTON,71,262,58,26,32,18,8
"Heely, Daniel G",STOCKTON,353,353,282,160,122,141,19
"Hernandez, Evangelina P",STOCKTON,151,335,116,78,38,64,14
"Hill-Maxion, Sanya",STOCKTON,78,245,64,60,4,55,5
"Kopec, Judith A",STOCKTON,148,148,125,64,61,48,16
"Mantel, Dianne S",STOCKTON,14,239,11,5,6,1,4
"Skarda, Trevor",STOCKTON,478,478,397,227,170,175,52
"Snelling, Timothy S",STOCKTON,288,342,251,124,127,51,73
"Wheatley, G. Ross",STOCKTON,304,304,237,95,142,39,56
"Fein, Bruce S",SYRACUSE,364,364,265,169,96,139,30
"Flanagan, F. P",SYRACUSE,112,112,102,60,42,51,9
"Gale, Robert E",SYRACUSE,160,160,123,61,62,53,8
"Greener, Marie",SYRACUSE,346,346,275,144,131,107,37
"Koennecke, Elizabeth W",SYRACUSE,373,373,265,113,152,93,20
"Lischak, John M",SYRACUSE,355,355,284,245,39,230,15
"Ramos, John P",SYRACUSE,403,403,307,181,126,151,30
"Ryan, Barry E",SYRACUSE,393,393,263,170,93,156,14
"Smith, Jennifer G",SYRACUSE,354,354,274,161,113,137,24
"Blanton, Michael C",TACOMA WA,330,330,288,268,20,253,15
"Dantonio, Joanne E",TACOMA WA,214,214,170,109,61,103,6
"Duncan, Gene",TACOMA WA,307,307,253,202,51,174,28
"Elliott, Gary",TACOMA WA,412,412,370,247,123,222,25
"Gilbert, Michael",TACOMA WA,111,111,76,31,45,29,2
"Grace, S. Andrew",TACOMA WA,8,371,2,2,0,1,1
"Johnson, David",TACOMA WA,404,404,339,170,169,148,22
"Kingsley, Robert P",TACOMA WA,179,179,159,76,83,64,12
"Mauer, Marilyn S.",TACOMA WA,281,283,230,127,103,114,13
"Rosa, Cynthia D",TACOMA WA,195,195,140,68,72,44,24
"Sherry, James W",TACOMA WA,289,289,241,139,102,124,15
"Wilson, Kelly",TACOMA WA,256,256,200,100,100,69,31
"Carnes, Steven L.",TALLAHASSEE FL,343,343,237,141,96,127,14
"Dixon III, Andrew",TALLAHASSEE FL,378,378,298,200,98,167,33
"Heller, Joshua R",TALLAHASSEE FL,226,226,167,100,67,65,35
"Herman, David",TALLAHASSEE FL,241,241,194,117,77,106,11
"Marvel, Jeffrey",TALLAHASSEE FL,313,313,229,130,99,123,7
"McCamley, Janet",TALLAHASSEE FL,395,395,302,174,128,163,11
"Raleigh, Lisa",TALLAHASSEE FL,280,280,213,92,121,66,26
"Arnold, Charles J",TAMPA,405,405,340,242,98,217,25
"Ballieu, Robert",TAMPA,192,192,153,73,80,64,9
"Cartledge, James",TAMPA,1,1,0,0,0,0,0
"Craig, Margaret",TAMPA,234,234,183,107,76,95,12
"Downs, Amber",TAMPA,235,284,178,62,116,42,20
"Ehrman, Kurt G",TAMPA,281,281,230,90,140,81,9
"Greenberg, Rhonda S",TAMPA,53,215,41,19,22,18,1
"Greene, Laurel J",TAMPA,30,272,26,15,11,13,2
"Johnston, Paul L",TAMPA,382,382,318,292,26,279,13
"McGhee, Carl C",TAMPA,290,290,245,159,86,145,14
"Morris, Scott T",TAMPA,147,207,118,61,57,54,7
"Neel, Angela L",TAMPA,447,447,352,128,224,101,27
"Piloseno, Jr., Daniel A",TAMPA,371,371,293,219,74,212,7
"Selland, R. Dirk",TAMPA,350,350,279,113,166,109,4
"Slahta, Steven D",TAMPA,360,360,308,217,91,196,21
"Vallecillo, Gonzalo",TAMPA,19,19,12,5,7,4,1
"Watkins, Glen H.",TAMPA,361,361,269,92,177,69,23
"Weakley, Wallace E",TAMPA,235,235,182,75,107,60,15
"Zanotti, Barbara J",TAMPA,176,270,139,61,78,46,15
"Ashford, Earl",TOLEDO OH,360,360,306,146,160,110,36
"Banks, Terry M",TOLEDO OH,330,330,273,76,197,58,18
"Budney, Amy",TOLEDO OH,273,273,236,108,128,78,30
"Herring, Virginia",TOLEDO OH,96,277,77,32,45,16,16
"Horowitz, Richard",TOLEDO OH,376,376,321,125,196,112,13
"Mantel, Dianne S",TOLEDO OH,225,239,183,65,118,33,32
"Sher, Paul",TOLEDO OH,339,339,285,124,161,104,20
"Vitellio, Gabrielle R",TOLEDO OH,301,301,244,182,62,153,29
"Warner, Melissa",TOLEDO OH,228,228,164,82,82,68,14
"Burbank, Robert J",TOPEKA KS,391,391,321,176,145,140,36
"Burrichter, Michael D",TOPEKA KS,17,317,4,3,1,3,0
"Comisky, Michael",TOPEKA KS,386,386,299,97,202,88,9
"Hale, Cynthia K",TOPEKA KS,336,336,282,155,127,115,40
"Johnson, Scott",TOPEKA KS,16,421,3,1,2,1,0
"Mance, Michael D",TOPEKA KS,321,321,258,108,150,61,47
"Shilling, Michael D",TOPEKA KS,414,414,329,81,248,58,23
"Stueve, Timothy G",TOPEKA KS,301,301,254,71,183,56,15
"Baum, Peter J",TUCSON,380,401,323,192,131,169,23
"Davis, Charles",TUCSON,293,293,247,166,81,144,22
"Elias, Yasmin",TUCSON,362,362,293,187,106,136,51
"Havens, Laura S",TUCSON,348,348,309,168,141,148,20
"Johnson, Larry E",TUCSON,296,296,268,192,76,163,29
"Reyes, George W",TUCSON,364,364,301,220,81,200,20
"Belcher, John W",TULSA,348,348,301,134,167,116,18
"Crutchfield, B. D",TULSA,547,547,451,273,178,265,8
"Engel, David W",TULSA,529,532,452,330,122,246,84
"Hunt, Christopher",TULSA,393,393,321,182,139,168,14
"Kallsnick, Richard J",TULSA,369,369,303,187,116,177,10
"Liter, Luke",TULSA,381,381,309,198,111,164,34
"McClain, Lantz",TULSA,419,419,331,132,199,103,29
"Rose, Deborah L",TULSA,399,399,343,144,199,132,12
"Stewart, James",TULSA,229,229,186,122,64,111,11
"Werre, Edmund C",TULSA,103,103,93,54,39,45,9
"Wolfe, Jeffrey S",TULSA,311,311,248,187,61,175,12
"Barkley III, H.J.",TUPELO,453,453,386,223,163,218,5
"Leiner, Jonathan H",TUPELO,77,304,65,22,43,16,6
"Lott, Roger",TUPELO,379,379,322,195,127,189,6
"Maddox, Gregory A",TUPELO,403,403,351,181,170,135,46
"Sartor, Rebecca B",TUPELO,353,353,312,154,158,138,16
"Kauffman, Howard",VALPARAISO IN,251,251,213,89,124,73,16
"Kramer, Dennis R",VALPARAISO IN,358,358,291,240,51,217,23
"McGovern, Shane",VALPARAISO IN,267,267,223,114,109,93,21
"Sampson, William E",VALPARAISO IN,383,383,302,137,165,111,26
"Scales, Romona",VALPARAISO IN,199,199,146,79,67,62,17
"Silva, Mario G",VALPARAISO IN,412,420,338,210,128,177,33
"Wardell, Laurie",VALPARAISO IN,122,335,108,36,72,30,6
"Whitfield, Gladys",VALPARAISO IN,39,277,33,9,24,5,4
"Applewhite, Francine L",WASHINGTON,245,316,159,43,116,22,21
"Ayer, F. H",WASHINGTON,352,352,270,131,139,103,28
"Banks, Larry",WASHINGTON,134,134,108,67,41,41,26
"Bond, Eugene",WASHINGTON,419,419,299,151,148,140,11
"Emerson, Andrew M",WASHINGTON,299,302,223,113,110,100,13
"Krasnow, Michael A",WASHINGTON,329,329,250,79,171,71,8
"Long, Jennifer M",WASHINGTON,299,299,231,143,88,129,14
"Maley, Susan",WASHINGTON,274,277,199,131,68,126,5
"Ray, Thomas M",WASHINGTON,317,317,248,149,99,131,18
"Andrews, Tom",WEST DES MOINES,390,390,323,207,116,188,19
"Basse, Eric S",WEST DES MOINES,352,352,313,123,190,95,28
"Bruntz, Julie K",WEST DES MOINES,361,361,279,162,117,144,18
"Draper, Jo Ann L",WEST DES MOINES,139,146,108,42,66,38,4
"Hamilton, Henry",WEST DES MOINES,322,322,260,152,108,107,45
"Naggi, Mark",WEST DES MOINES,4,338,3,2,1,1,1
"Nguyen, Thuy-Anh T",WEST DES MOINES,1,249,0,0,0,0,0
"Sandbothe, John E",WEST DES MOINES,352,352,290,190,100,181,9
"Santiago, Melissa M",WEST DES MOINES,11,344,8,2,6,0,2
"Barry, John J",WHITE PLAINS,231,231,164,143,21,105,38
"Cascio, Vincent M",WHITE PLAINS,312,312,237,116,121,96,20
"Edgell, Katherine",WHITE PLAINS,306,306,238,108,130,79,29
"Gonzalez, Robert",WHITE PLAINS,297,297,242,124,118,94,30
"Katz, Dennis G",WHITE PLAINS,284,284,204,104,100,85,19
"Lemoine, Brian W",WHITE PLAINS,299,299,239,161,78,146,15
"McCormack, Kieran",WHITE PLAINS,258,258,205,90,115,52,38
"Rodriguez, Michael A",WHITE PLAINS,55,88,48,27,21,17,10
"Singh, Sharda",WHITE PLAINS,299,299,237,99,138,85,14
"Stacchini, Michael J",WHITE PLAINS,254,254,205,127,78,113,14
"Brookins, Alison K",WICHITA,403,403,293,170,123,153,17
"Dayton, Michael R",WICHITA,390,390,279,121,158,110,11
"Evans, Edward E",WICHITA,375,375,276,115,161,107,8
"Greenberg, Rhonda S",WICHITA,162,215,132,62,70,57,5
"Harty, James",WICHITA,309,309,251,92,159,86,6
"Page, David",WICHITA,145,145,86,62,24,59,3
"Rima, William H",WICHITA,1,1,1,0,1,0,0
"Werner, Melvin B",WICHITA,299,299,242,138,104,113,25
"Balutis, Daniel",WILKES BARRE,68,335,50,13,37,13,0
"Barletta, Frank",WILKES BARRE,387,387,322,167,155,147,20
"Brady, Edward L",WILKES BARRE,443,443,351,210,141,193,17
"Garrety, Paula",WILKES BARRE,113,414,84,37,47,27,10
"Hardiman, Therese A",WILKES BARRE,381,381,311,116,195,107,9
"Langan, Gerard W",WILKES BARRE,415,415,345,182,163,151,31
"Stolls, Michele",WILKES BARRE,348,348,281,178,103,160,18
"Tranguch, Jarrod",WILKES BARRE,385,385,309,149,160,138,11
"Wing, Timothy",WILKES BARRE,383,383,324,171,153,150,21
"Wolfe, Michelle",WILKES BARRE,368,368,287,88,199,69,19
"Zack, Richard",WILKES BARRE,418,418,335,201,134,142,59
